Sensor ID,x-cordinate,y-cordinate,Distibution Values,0.2,0.4,0.6,0.8,1,1.2,1.4,1.6,1.8,2,2.2,2.4,2.6,2.8,3,3.2,3.4,3.6,3.8,4,4.2,4.4,4.6,4.8,5,5.2,5.4,5.6,5.8,6,6.2,6.4,6.6,6.8,7,7.2,7.4,7.6,7.8,8,8.2,8.4,8.6,8.8,9,9.2,9.4,9.6,9.8,10,10.2,10.4,10.6,10.8,11,11.2,11.4,11.6,11.8,12,12.2,12.4,12.6,12.8,13,13.2,13.4,13.6,13.8,14,14.2,14.4,14.6,14.8,15,15.2,15.4,15.6,15.8,16,16.2,16.4,16.6,16.8,17,17.2,17.4,17.6,17.8,18,18.2,18.4,18.6,18.8,19,19.2,19.4,19.6,19.8,20,,,,,,,,,,,,,,,,,,,,,,,,,,,,,,,,,,,,,,,,,,,,,,,,,,,,,,,,,,,,,,,,,,,,,,,,,,,,,,,,,,,,,,,,,,,,,,,,,,,,,,,,,,,,,,,,,,,,,, , , , , , , , , , , , , , , , , , , , , , , , , , , , , , , , , , , , , , , , , , , , , , , , , , , , , , , , , , , , , , , , , , , , , , , , , , , , , , , , , , , , , , , , , , , , , , , , , , , , , , , , , , , , , , , , , , , , , , , , , , , , , , , , , , , , , , , , , , , , , , , , , , , , , , , , , , , , , , , , , , , , , , , , , , , , , , , , , , , , , , , , , , , , , , , , , , , , , , , , , , , , , , , , , , , , , , , , , , , , , , , , , , , , , , , , , , , , , , , , , , , , , , , , , , , , , , , , , , , , , , , , , , , , , , , , , , , , , , , , , , , , , , , , , , , , , , , , , , , , , , , , , , , , , , , , , , , , , , , , , , , , , , , , , , , , , , , , , , , , , , , , , , , , , , , , , , , , , , , , , , , , , , , , , , , , , , , , , , , , , , , , , , , , , , , , , , , , , , , , , , , , , , , , , , , , , , , , , , , , , , , , , , , , , , , , , , , , , , , , , , , , , , , , , , , , , , , , , , , , , , , , , , , , , , , , , , , , , , , , , , , , , , , , , , , , , , , , , , , , , , , , , , , , , , , , , , , , , , , , , , , , , , , , , , , , , , , , , , , , , , , , , , , , , , , , , , , , , , , , , , , , , , , , , , , , , , , , , , , , , , , , , , , , , , , , , , , , , , , , , , , , , , , , , , , , , , , , , , 
1,1,1,7.42272552,1.89E-01,1.84E-01,1.76E-01,1.66E-01,1.53E-01,1.39E-01,1.22E-01,1.05E-01,8.65E-02,6.73E-02,4.79E-02,2.85E-02,9.35E-03,-9.17E-03,-2.68E-02,-4.33E-02,-5.85E-02,-7.22E-02,-8.42E-02,-9.44E-02,-1.03E-01,-1.09E-01,-1.13E-01,-1.16E-01,-1.16E-01,-1.15E-01,-1.12E-01,-1.07E-01,-1.01E-01,-9.29E-02,-8.41E-02,-7.42E-02,-6.36E-02,-5.24E-02,-4.08E-02,-2.91E-02,-1.73E-02,-5.67E-03,5.56E-03,1.63E-02,2.63E-02,3.55E-02,4.38E-02,5.11E-02,5.72E-02,6.23E-02,6.61E-02,6.88E-02,7.02E-02,7.05E-02,6.97E-02,6.77E-02,6.48E-02,6.10E-02,5.63E-02,5.10E-02,4.50E-02,3.86E-02,3.18E-02,2.48E-02,1.76E-02,1.05E-02,3.44E-03,-3.37E-03,-9.86E-03,-1.59E-02,-2.15E-02,-2.66E-02,-3.10E-02,-3.47E-02,-3.78E-02,-4.01E-02,-4.17E-02,-4.26E-02,-4.28E-02,-4.22E-02,-4.11E-02,-3.93E-02,-3.70E-02,-3.42E-02,-3.09E-02,-2.73E-02,-2.34E-02,-1.93E-02,-1.50E-02,-1.07E-02,-6.35E-03,-2.09E-03,2.05E-03,5.98E-03,9.67E-03,1.31E-02,1.61E-02,1.88E-02,2.11E-02,2.29E-02,2.43E-02,2.53E-02,2.58E-02,2.59E-02,,,,,,,,,,,,,,,,,,,,,,,,,,,,,,,,,,,,,,,,,,,,,,,,,,,,,,,,,,,,,,,,,,,,,,,,,,,,,,,,,,,,,,,,,,,,,,,,,,,,,,,,,,,,,,,,,,,,,,,,,,,,,,,,,,,,,,,,,,,,,,,,,,,,,,,,,,,,,,,,,,,,,,,,,,,,,,,,,,,,,,,,,,,,,,,,,,,,,,,,,,,,,,,,,,,,,,,,,,,,,,,,,,,,,,,,,,,,,,,,,,,,,,,,,,,,,,,,,,,,,,,,,,,,,,,,,,,,,,,,,,,,,,,,,,,,,,,,,,,,,,,,,,,,,,,,,,,,,,,,,,,,,,,,,,,,,,,,,,,,,,,,,,,,,,,,,,,,,,,,,,,,,,,,,,,,,,,,,,,,,,,,,,,,,,,,,,,,,,,,,,,,,,,,,,,,,,,,,,,,,,,,,,,,,,,,,,,,,,,,,,,,,,,,,,,,,,,,,,,,,,,,,,,,,,,,,,,,,,,,,,,,,,,,,,,,,,,,,,,,,,,,,,,,,,,,,,,,,,,,,,,,,,,,,,,,,,,,,,,,,,,,,,,,,,,,,,,,,,,,,,,,,,,,,,,,,,,,,,,,,,,,,,,,,,,,,,,,,,,,,,,,,,,,,,,,,,,,,,,,,,,,,,,,,,,,,,,,,,,,,,,,,,,,,,,,,,,,,,,,,,,,,,,,,,,,,,,,,,,,,,,,,,,,,,,,,,,,,,,,,,,,,,,,,,,,,,,,,,,,,,,,,,,,,,,,,,,
2,1,3,7.92987169,1.57E-01,1.53E-01,1.46E-01,1.38E-01,1.27E-01,1.15E-01,1.02E-01,8.71E-02,7.18E-02,5.59E-02,3.98E-02,2.36E-02,7.76E-03,-7.61E-03,-2.23E-02,-3.60E-02,-4.86E-02,-6.00E-02,-6.99E-02,-7.84E-02,-8.52E-02,-9.05E-02,-9.41E-02,-9.61E-02,-9.65E-02,-9.53E-02,-9.27E-02,-8.87E-02,-8.35E-02,-7.71E-02,-6.98E-02,-6.16E-02,-5.28E-02,-4.35E-02,-3.39E-02,-2.41E-02,-1.43E-02,-4.71E-03,4.62E-03,1.35E-02,2.18E-02,2.95E-02,3.64E-02,4.24E-02,4.75E-02,5.17E-02,5.49E-02,5.71E-02,5.83E-02,5.85E-02,5.78E-02,5.62E-02,5.38E-02,5.06E-02,4.68E-02,4.23E-02,3.74E-02,3.20E-02,2.64E-02,2.06E-02,1.46E-02,8.70E-03,2.86E-03,-2.80E-03,-8.19E-03,-1.32E-02,-1.79E-02,-2.21E-02,-2.57E-02,-2.88E-02,-3.14E-02,-3.33E-02,-3.46E-02,-3.54E-02,-3.55E-02,-3.51E-02,-3.41E-02,-3.26E-02,-3.07E-02,-2.84E-02,-2.57E-02,-2.27E-02,-1.94E-02,-1.60E-02,-1.25E-02,-8.87E-03,-5.27E-03,-1.73E-03,1.70E-03,4.97E-03,8.03E-03,1.08E-02,1.34E-02,1.56E-02,1.75E-02,1.90E-02,2.02E-02,2.10E-02,2.14E-02,2.15E-02,,,,,,,,,,,,,,,,,,,,,,,,,,,,,,,,,,,,,,,,,,,,,,,,,,,,,,,,,,,,,,,,,,,,,,,,,,,,,,,,,,,,,,,,,,,,,,,,,,,,,,,,,,,,,,,,,,,,,,,,,,,,,,,,,,,,,,,,,,,,,,,,,,,,,,,,,,,,,,,,,,,,,,,,,,,,,,,,,,,,,,,,,,,,,,,,,,,,,,,,,,,,,,,,,,,,,,,,,,,,,,,,,,,,,,,,,,,,,,,,,,,,,,,,,,,,,,,,,,,,,,,,,,,,,,,,,,,,,,,,,,,,,,,,,,,,,,,,,,,,,,,,,,,,,,,,,,,,,,,,,,,,,,,,,,,,,,,,,,,,,,,,,,,,,,,,,,,,,,,,,,,,,,,,,,,,,,,,,,,,,,,,,,,,,,,,,,,,,,,,,,,,,,,,,,,,,,,,,,,,,,,,,,,,,,,,,,,,,,,,,,,,,,,,,,,,,,,,,,,,,,,,,,,,,,,,,,,,,,,,,,,,,,,,,,,,,,,,,,,,,,,,,,,,,,,,,,,,,,,,,,,,,,,,,,,,,,,,,,,,,,,,,,,,,,,,,,,,,,,,,,,,,,,,,,,,,,,,,,,,,,,,,,,,,,,,,,,,,,,,,,,,,,,,,,,,,,,,,,,,,,,,,,,,,,,,,,,,,,,,,,,,,,,,,,,,,,,,,,,,,,,,,,,,,,,,,,,,,,,,,,,,,,,,,,,,,,,,,,,,,,,,,,,,,,,,,,,,,,,,,,,,,,,,,,,,,,,
3,1,5,8.41479711,5.15E-02,5.01E-02,4.79E-02,4.51E-02,4.16E-02,3.77E-02,3.33E-02,2.85E-02,2.35E-02,1.83E-02,1.30E-02,7.74E-03,2.54E-03,-2.49E-03,-7.29E-03,-1.18E-02,-1.59E-02,-1.96E-02,-2.29E-02,-2.57E-02,-2.79E-02,-2.96E-02,-3.08E-02,-3.15E-02,-3.16E-02,-3.12E-02,-3.04E-02,-2.91E-02,-2.73E-02,-2.53E-02,-2.29E-02,-2.02E-02,-1.73E-02,-1.43E-02,-1.11E-02,-7.90E-03,-4.70E-03,-1.54E-03,1.51E-03,4.42E-03,7.15E-03,9.65E-03,1.19E-02,1.39E-02,1.56E-02,1.69E-02,1.80E-02,1.87E-02,1.91E-02,1.92E-02,1.89E-02,1.84E-02,1.76E-02,1.66E-02,1.53E-02,1.39E-02,1.22E-02,1.05E-02,8.65E-03,6.73E-03,4.79E-03,2.85E-03,9.34E-04,-9.18E-04,-2.68E-03,-4.34E-03,-5.86E-03,-7.22E-03,-8.42E-03,-9.44E-03,-1.03E-02,-1.09E-02,-1.13E-02,-1.16E-02,-1.16E-02,-1.15E-02,-1.12E-02,-1.07E-02,-1.01E-02,-9.29E-03,-8.41E-03,-7.43E-03,-6.37E-03,-5.25E-03,-4.09E-03,-2.91E-03,-1.73E-03,-5.68E-04,5.55E-04,1.63E-03,2.63E-03,3.55E-03,4.38E-03,5.11E-03,5.73E-03,6.23E-03,6.61E-03,6.88E-03,7.02E-03,7.05E-03,,,,,,,,,,,,,,,,,,,,,,,,,,,,,,,,,,,,,,,,,,,,,,,,,,,,,,,,,,,,,,,,,,,,,,,,,,,,,,,,,,,,,,,,,,,,,,,,,,,,,,,,,,,,,,,,,,,,,,,,,,,,,,,,,,,,,,,,,,,,,,,,,,,,,,,,,,,,,,,,,,,,,,,,,,,,,,,,,,,,,,,,,,,,,,,,,,,,,,,,,,,,,,,,,,,,,,,,,,,,,,,,,,,,,,,,,,,,,,,,,,,,,,,,,,,,,,,,,,,,,,,,,,,,,,,,,,,,,,,,,,,,,,,,,,,,,,,,,,,,,,,,,,,,,,,,,,,,,,,,,,,,,,,,,,,,,,,,,,,,,,,,,,,,,,,,,,,,,,,,,,,,,,,,,,,,,,,,,,,,,,,,,,,,,,,,,,,,,,,,,,,,,,,,,,,,,,,,,,,,,,,,,,,,,,,,,,,,,,,,,,,,,,,,,,,,,,,,,,,,,,,,,,,,,,,,,,,,,,,,,,,,,,,,,,,,,,,,,,,,,,,,,,,,,,,,,,,,,,,,,,,,,,,,,,,,,,,,,,,,,,,,,,,,,,,,,,,,,,,,,,,,,,,,,,,,,,,,,,,,,,,,,,,,,,,,,,,,,,,,,,,,,,,,,,,,,,,,,,,,,,,,,,,,,,,,,,,,,,,,,,,,,,,,,,,,,,,,,,,,,,,,,,,,,,,,,,,,,,,,,,,,,,,,,,,,,,,,,,,,,,,,,,,,,,,,,,,,,,,,,,,,,,,,,,,,,,,
4,1,7,8.86947478,6.69E-03,6.51E-03,6.22E-03,5.85E-03,5.40E-03,4.88E-03,4.30E-03,3.68E-03,3.02E-03,2.34E-03,1.65E-03,9.68E-04,2.95E-04,-3.55E-04,-9.73E-04,-1.55E-03,-2.08E-03,-2.55E-03,-2.96E-03,-3.31E-03,-3.60E-03,-3.81E-03,-3.96E-03,-4.04E-03,-4.05E-03,-4.01E-03,-3.90E-03,-3.73E-03,-3.51E-03,-3.25E-03,-2.94E-03,-2.61E-03,-2.24E-03,-1.85E-03,-1.45E-03,-1.04E-03,-6.30E-04,-2.24E-04,1.71E-04,5.49E-04,9.04E-04,1.23E-03,1.53E-03,1.79E-03,2.01E-03,2.19E-03,2.33E-03,2.43E-03,2.48E-03,2.50E-03,2.47E-03,2.40E-03,2.29E-03,2.16E-03,1.99E-03,1.80E-03,1.58E-03,1.35E-03,1.11E-03,8.58E-04,6.04E-04,3.51E-04,1.03E-04,-1.36E-04,-3.62E-04,-5.74E-04,-7.67E-04,-9.40E-04,-1.09E-03,-1.22E-03,-1.32E-03,-1.40E-03,-1.45E-03,-1.48E-03,-1.49E-03,-1.47E-03,-1.43E-03,-1.37E-03,-1.29E-03,-1.19E-03,-1.08E-03,-9.59E-04,-8.25E-04,-6.83E-04,-5.36E-04,-3.86E-04,-2.35E-04,-8.58E-05,5.96E-05,1.99E-04,3.30E-04,4.51E-04,5.61E-04,6.58E-04,7.40E-04,8.08E-04,8.60E-04,8.97E-04,9.17E-04,9.21E-04,,, , , , , , ,    ,,,,,,,,,,,,,,,,,,,,,,,,,,,,,,,,,,,,,,,,,,,,,,,,,,,,,,,,,,,,,,,,,,,,,,,,,,,,,,,,,,,,,,,,,,,,,,,,,,,,,,,,,,,,,,,,,,,,,,,,,,,,,,,,,,,,,,,,,,,,,,,,,,,,,,,,,,,,,,,,,,,,,,,,,,,,,,,,,,,,,,,,,,,,,,,,,,,,,,,,,,,,,,,,,,,,,,,,,,,,,,,,,,,,,,,,,,,,,,,,,,,,,,,,,,,,,,,,,,,,,,,,,,,,,,,,,,,,,,,,,,,,,,,,,,,,,,,,,,,,,,,,,,,,,,,,,,,,,,,,,,,,,,,,,,,,,,,,,,,,,,,,,,,,,,,,,,,,,,,,,,,,,,,,,,,,,,,,,,,,,,,,,,,,,,,,,,,,,,,,,,,,,,,,,,,,,,,,,,,,,,,,,,,,,,,,,,,,,,,,,,,,,,,,,,,,,,,,,,,,,,,,,,,,,,,,,,,,,,,,,,,,,,,,,,,,,,,,,,,,,,,,,,,,,,,,,,,,,,,,,,,,,,,,,,,,,,,,,,,,,,,,,,,,,,,,,,,,,,,,,,,,,,,,,,,,,,,,,,,,,,,,,,,,,,,,,,,,,,,,,,,,,,,,,,,,,,,,,,,,,,,,,,,,,,,,,,,,,,,,,,,,,,,,,,,,,,,,,,,,,,,,,,,,,,,,,,,,,,,,,,,,,,,,,,,,,,,,,,,,,,,,,,,,,,,,,,,,,,,,,,,,,,
5,1,9,9.28606287,5.79E-04,5.59E-04,5.20E-04,4.65E-04,3.96E-04,3.17E-04,2.33E-04,1.47E-04,6.30E-05,-1.51E-05,-8.41E-05,-1.42E-04,-1.86E-04,-2.16E-04,-2.33E-04,-2.36E-04,-2.28E-04,-2.11E-04,-1.86E-04,-1.57E-04,-1.27E-04,-9.80E-05,-7.26E-05,-5.26E-05,-3.94E-05,-3.37E-05,-3.57E-05,-4.47E-05,-5.96E-05,-7.90E-05,-1.01E-04,-1.23E-04,-1.43E-04,-1.60E-04,-1.70E-04,-1.74E-04,-1.69E-04,-1.55E-04,-1.33E-04,-1.03E-04,-6.68E-05,-2.49E-05,2.01E-05,6.61E-05,1.11E-04,1.52E-04,1.88E-04,2.17E-04,2.37E-04,2.47E-04,2.48E-04,2.39E-04,2.21E-04,1.95E-04,1.63E-04,1.27E-04,8.77E-05,4.81E-05,9.80E-06,-2.53E-05,-5.56E-05,-8.01E-05,-9.79E-05,-1.09E-04,-1.13E-04,-1.10E-04,-1.02E-04,-8.93E-05,-7.36E-05,-5.62E-05,-3.85E-05,-2.19E-05,-7.72E-06,3.17E-06,1.01E-05,1.26E-05,1.08E-05,4.91E-06,-4.42E-06,-1.64E-05,-2.98E-05,-4.38E-05,-5.70E-05,-6.83E-05,-7.68E-05,-8.16E-05,-8.22E-05,-7.83E-05,-6.99E-05,-5.74E-05,-4.11E-05,-2.21E-05,-1.11E-06,2.06E-05,4.20E-05,6.19E-05,7.93E-05,9.32E-05,1.03E-04,1.08E-04,,,,,,,,,,,,,,,,,,,,,,,,,,,,,,,,,,,,,,,,,,,,,,,,,,,,,,,,,,,,,,,,,,,,,,,,,,,,,,,,,,,,,,,,,,,,,,,,,,,,,,,,,,,,,,,,,,,,,,,,,,,,,,,,,,,,,,,,,,,,,,,,,,,,,,,,,,,,,,,,,,,,,,,,,,,,,,,,,,,,,,,,,,,,,,,,,,,,,,,,,,,,,,,,,,,,,,,,,,,,,,,,,,,,,,,,,,,,,,,,,,,,,,,,,,,,,,,,,,,,,,,,,,,,,,,,,,,,,,,,,,,,,,,,,,,,,,,,,,,,,,,,,,,,,,,,,,,,,,,,,,,,,,,,,,,,,,,,,,,,,,,,,,,,,,,,,,,,,,,,,,,,,,,,,,,,,,,,,,,,,,,,,,,,,,,,,,,,,,,,,,,,,,,,,,,,,,,,,,,,,,,,,,,,,,,,,,,,,,,,,,,,,,,,,,,,,,,,,,,,,,,,,,,,,,,,,,,,,,,,,,,,,,,,,,,,,,,,,,,,,,,,,,,,,,,,,,,,,,,,,,,,,,,,,,,,,,,,,,,,,,,,,,,,,,,,,,,,,,,,,,,,,,,,,,,,,,,,,,,,,,,,,,,,,,,,,,,,,,,,,,,,,,,,,,,,,,,,,,,,,,,,,,,,,,,,,,,,,,,,,,,,,,,,,,,,,,,,,,,,,,,,,,,,,,,,,,,,,,,,,,,,,,,,,,,,,,,,,,,,,,,,,,,,,,,,,,,,,,,,,,,,,,,,,,,,,,,
6,1,11,9.65713659,6.25E-04,5.98E-04,5.34E-04,4.39E-04,3.20E-04,1.84E-04,4.03E-05,-1.02E-04,-2.34E-04,-3.47E-04,-4.36E-04,-4.96E-04,-5.23E-04,-5.16E-04,-4.78E-04,-4.11E-04,-3.21E-04,-2.13E-04,-9.42E-05,2.68E-05,1.43E-04,2.47E-04,3.32E-04,3.95E-04,4.31E-04,4.39E-04,4.20E-04,3.74E-04,3.07E-04,2.22E-04,1.25E-04,2.30E-05,-7.79E-05,-1.71E-04,-2.52E-04,-3.15E-04,-3.56E-04,-3.75E-04,-3.70E-04,-3.41E-04,-2.93E-04,-2.27E-04,-1.49E-04,-6.35E-05,2.37E-05,1.07E-04,1.82E-04,2.43E-04,2.88E-04,3.14E-04,3.20E-04,3.06E-04,2.73E-04,2.25E-04,1.63E-04,9.36E-05,2.00E-05,-5.28E-05,-1.20E-04,-1.79E-04,-2.24E-04,-2.55E-04,-2.68E-04,-2.65E-04,-2.45E-04,-2.11E-04,-1.64E-04,-1.09E-04,-4.79E-05,1.42E-05,7.38E-05,1.27E-04,1.71E-04,2.03E-04,2.22E-04,2.26E-04,2.16E-04,1.93E-04,1.58E-04,1.14E-04,6.47E-05,1.22E-05,-3.97E-05,-8.78E-05,-1.29E-04,-1.61E-04,-1.83E-04,-1.92E-04,-1.90E-04,-1.75E-04,-1.50E-04,-1.17E-04,-7.66E-05,-3.29E-05,1.19E-05,5.47E-05,9.30E-05,1.25E-04,1.48E-04,1.61E-04,,,,,,,,,,,,,,,,,,,,,,,,,,,,,,,,,,,,,,,,,,,,,,,,,,,,,,,,,,,,,,,,,,,,,,,,,,,,,,,,,,,,,,,,,,,,,,,,,,,,,,,,,,,,,,,,,,,,,,,,,,,,,,,,,,,,,,,,,,,,,,,,,,,,,,,,,,,,,,,,,,,,,,,,,,,,,,,,,,,,,,,,,,,,,,,,,,,,,,,,,,,,,,,,,,,,,,,,,,,,,,,,,,,,,,,,,,,,,,,,,,,,,,,,,,,,,,,,,,,,,,,,,,,,,,,,,,,,,,,,,,,,,,,,,,,,,,,,,,,,,,,,,,,,,,,,,,,,,,,,,,,,,,,,,,,,,,,,,,,,,,,,,,,,,,,,,,,,,,,,,,,,,,,,,,,,,,,,,,,,,,,,,,,,,,,,,,,,,,,,,,,,,,,,,,,,,,,,,,,,,,,,,,,,,,,,,,,,,,,,,,,,,,,,,,,,,,,,,,,,,,,,,,,,,,,,,,,,,,,,,,,,,,,,,,,,,,,,,,,,,,,,,,,,,,,,,,,,,,,,,,,,,,,,,,,,,,,,,,,,,,,,,,,,,,,,,,,,,,,,,,,,,,,,,,,,,,,,,,,,,,,,,,,,,,,,,,,,,,,,,,,,,,,,,,,,,,,,,,,,,,,,,,,,,,,,,,,,,,,,,,,,,,,,,,,,,,,,,,,,,,,,,,,,,,,,,,,,,,,,,,,,,,,,,,,,,,,,,,,,,,,,,,,,,,,,,,,,,,,,,,,,,,,,,,,,,,,
7,1,13,9.97591872,6.87E-04,6.57E-04,5.86E-04,4.81E-04,3.49E-04,1.99E-04,3.99E-05,-1.17E-04,-2.63E-04,-3.88E-04,-4.86E-04,-5.52E-04,-5.81E-04,-5.73E-04,-5.30E-04,-4.55E-04,-3.54E-04,-2.33E-04,-1.01E-04,3.35E-05,1.63E-04,2.78E-04,3.74E-04,4.43E-04,4.83E-04,4.92E-04,4.71E-04,4.20E-04,3.45E-04,2.50E-04,1.42E-04,2.85E-05,-8.41E-05,-1.88E-04,-2.78E-04,-3.49E-04,-3.95E-04,-4.16E-04,-4.11E-04,-3.80E-04,-3.26E-04,-2.54E-04,-1.67E-04,-7.26E-05,2.40E-05,1.17E-04,1.99E-04,2.68E-04,3.18E-04,3.46E-04,3.53E-04,3.37E-04,3.01E-04,2.47E-04,1.79E-04,1.02E-04,2.05E-05,-6.02E-05,-1.35E-04,-1.99E-04,-2.50E-04,-2.83E-04,-2.98E-04,-2.94E-04,-2.72E-04,-2.34E-04,-1.82E-04,-1.20E-04,-5.20E-05,1.72E-05,8.35E-05,1.43E-04,1.92E-04,2.27E-04,2.48E-04,2.53E-04,2.42E-04,2.16E-04,1.77E-04,1.28E-04,7.31E-05,1.46E-05,-4.32E-05,-9.67E-05,-1.43E-04,-1.79E-04,-2.03E-04,-2.14E-04,-2.11E-04,-1.95E-04,-1.67E-04,-1.30E-04,-8.58E-05,-3.73E-05,1.23E-05,5.98E-05,1.02E-04,1.37E-04,1.63E-04,1.78E-04,,,,,,,,,,,,,,,,,,,,,,,,,,,,,,,,,,,,,,,,,,,,,,,,,,,,,,,,,,,,,,,,,,,,,,,,,,,,,,,,,,,,,,,,,,,,,,,,,,,,,,,,,,,,,,,,,,,,,,,,,,,,,,,,,,,,,,,,,,,,,,,,,,,,,,,,,,,,,,,,,,,,,,,,,,,,,,,,,,,,,,,,,,,,,,,,,,,,,,,,,,,,,,,,,,,,,,,,,,,,,,,,,,,,,,,,,,,,,,,,,,,,,,,,,,,,,,,,,,,,,,,,,,,,,,,,,,,,,,,,,,,,,,,,,,,,,,,,,,,,,,,,,,,,,,,,,,,,,,,,,,,,,,,,,,,,,,,,,,,,,,,,,,,,,,,,,,,,,,,,,,,,,,,,,,,,,,,,,,,,,,,,,,,,,,,,,,,,,,,,,,,,,,,,,,,,,,,,,,,,,,,,,,,,,,,,,,,,,,,,,,,,,,,,,,,,,,,,,,,,,,,,,,,,,,,,,,,,,,,,,,,,,,,,,,,,,,,,,,,,,,,,,,,,,,,,,,,,,,,,,,,,,,,,,,,,,,,,,,,,,,,,,,,,,,,,,,,,,,,,,,,,,,,,,,,,,,,,,,,,,,,,,,,,,,,,,,,,,,,,,,,,,,,,,,,,,,,,,,,,,,,,,,,,,,,,,,,,,,,,,,,,,,,,,,,,,,,,,,,,,,,,,,,,,,,,,,,,,,,,,,,,,,,,,,,,,,,,,,,,,,,,,,,,,,,,,,,,,,,,,,,,,,,,,,,,,,,
8,1,15,10.23649951,3.29E-04,3.14E-04,2.81E-04,2.30E-04,1.67E-04,9.51E-05,1.91E-05,-5.61E-05,-1.26E-04,-1.86E-04,-2.33E-04,-2.64E-04,-2.78E-04,-2.74E-04,-2.54E-04,-2.18E-04,-1.69E-04,-1.12E-04,-4.85E-05,1.60E-05,7.78E-05,1.33E-04,1.79E-04,2.12E-04,2.31E-04,2.36E-04,2.25E-04,2.01E-04,1.65E-04,1.20E-04,6.81E-05,1.37E-05,-4.02E-05,-9.02E-05,-1.33E-04,-1.67E-04,-1.89E-04,-1.99E-04,-1.97E-04,-1.82E-04,-1.56E-04,-1.21E-04,-8.00E-05,-3.47E-05,1.15E-05,5.58E-05,9.54E-05,1.28E-04,1.52E-04,1.66E-04,1.69E-04,1.61E-04,1.44E-04,1.18E-04,8.58E-05,4.88E-05,9.78E-06,-2.88E-05,-6.46E-05,-9.55E-05,-1.20E-04,-1.36E-04,-1.43E-04,-1.41E-04,-1.30E-04,-1.12E-04,-8.70E-05,-5.73E-05,-2.49E-05,8.23E-06,4.00E-05,6.84E-05,9.18E-05,1.09E-04,1.19E-04,1.21E-04,1.16E-04,1.03E-04,8.47E-05,6.15E-05,3.50E-05,7.01E-06,-2.07E-05,-4.63E-05,-6.84E-05,-8.57E-05,-9.71E-05,-1.02E-04,-1.01E-04,-9.33E-05,-8.01E-05,-6.23E-05,-4.11E-05,-1.78E-05,5.90E-06,2.86E-05,4.90E-05,6.58E-05,7.80E-05,8.51E-05,,,,,,,,,,,,,,,,,,,,,,,,,,,,,,,,,,,,,,,,,,,,,,,,,,,,,,,,,,,,,,,,,,,,,,,,,,,,,,,,,,,,,,,,,,,,,,,,,,,,,,,,,,,,,,,,,,,,,,,,,,,,,,,,,,,,,,,,,,,,,,,,,,,,,,,,,,,,,,,,,,,,,,,,,,,,,,,,,,,,,,,,,,,,,,,,,,,,,,,,,,,,,,,,,,,,,,,,,,,,,,,,,,,,,,,,,,,,,,,,,,,,,,,,,,,,,,,,,,,,,,,,,,,,,,,,,,,,,,,,,,,,,,,,,,,,,,,,,,,,,,,,,,,,,,,,,,,,,,,,,,,,,,,,,,,,,,,,,,,,,,,,,,,,,,,,,,,,,,,,,,,,,,,,,,,,,,,,,,,,,,,,,,,,,,,,,,,,,,,,,,,,,,,,,,,,,,,,,,,,,,,,,,,,,,,,,,,,,,,,,,,,,,,,,,,,,,,,,,,,,,,,,,,,,,,,,,,,,,,,,,,,,,,,,,,,,,,,,,,,,,,,,,,,,,,,,,,,,,,,,,,,,,,,,,,,,,,,,,,,,,,,,,,,,,,,,,,,,,,,,,,,,,,,,,,,,,,,,,,,,,,,,,,,,,,,,,,,,,,,,,,,,,,,,,,,,,,,,,,,,,,,,,,,,,,,,,,,,,,,,,,,,,,,,,,,,,,,,,,,,,,,,,,,,,,,,,,,,,,,,,,,,,,,,,,,,,,,,,,,,,,,,,,,,,,,,,,,,,,,,,,,,,,,,,,,,,,
9,3,1,10.43403684,2.62E-01,2.55E-01,2.44E-01,2.30E-01,2.12E-01,1.92E-01,1.70E-01,1.45E-01,1.20E-01,9.33E-02,6.63E-02,3.94E-02,1.30E-02,-1.27E-02,-3.71E-02,-6.00E-02,-8.11E-02,-1.00E-01,-1.17E-01,-1.31E-01,-1.42E-01,-1.51E-01,-1.57E-01,-1.60E-01,-1.61E-01,-1.59E-01,-1.55E-01,-1.48E-01,-1.39E-01,-1.29E-01,-1.16E-01,-1.03E-01,-8.81E-02,-7.26E-02,-5.66E-02,-4.02E-02,-2.39E-02,-7.86E-03,7.70E-03,2.25E-02,3.64E-02,4.92E-02,6.07E-02,7.07E-02,7.93E-02,8.62E-02,9.16E-02,9.52E-02,9.72E-02,9.76E-02,9.65E-02,9.38E-02,8.98E-02,8.45E-02,7.80E-02,7.06E-02,6.24E-02,5.35E-02,4.40E-02,3.43E-02,2.44E-02,1.45E-02,4.76E-03,-4.67E-03,-1.37E-02,-2.21E-02,-2.98E-02,-3.68E-02,-4.29E-02,-4.81E-02,-5.23E-02,-5.55E-02,-5.78E-02,-5.90E-02,-5.92E-02,-5.85E-02,-5.69E-02,-5.44E-02,-5.12E-02,-4.73E-02,-4.28E-02,-3.78E-02,-3.24E-02,-2.67E-02,-2.08E-02,-1.48E-02,-8.80E-03,-2.89E-03,2.83E-03,8.29E-03,1.34E-02,1.81E-02,2.23E-02,2.60E-02,2.92E-02,3.17E-02,3.37E-02,3.50E-02,3.58E-02,3.59E-02,,,,,,,,,,,,,,,,,,,,,,,,,,,,,,,,,,,,,,,,,,,,,,,,,,,,,,,,,,,,,,,,,,,,,,,,,,,,,,,,,,,,,,,,,,,,,,,,,,,,,,,,,,,,,,,,,,,,,,,,,,,,,,,,,,,,,,,,,,,,,,,,,,,,,,,,,,,,,,,,,,,,,,,,,,,,,,,,,,,,,,,,,,,,,,,,,,,,,,,,,,,,,,,,,,,,,,,,,,,,,,,,,,,,,,,,,,,,,,,,,,,,,,,,,,,,,,,,,,,,,,,,,,,,,,,,,,,,,,,,,,,,,,,,,,,,,,,,,,,,,,,,,,,,,,,,,,,,,,,,,,,,,,,,,,,,,,,,,,,,,,,,,,,,,,,,,,,,,,,,,,,,,,,,,,,,,,,,,,,,,,,,,,,,,,,,,,,,,,,,,,,,,,,,,,,,,,,,,,,,,,,,,,,,,,,,,,,,,,,,,,,,,,,,,,,,,,,,,,,,,,,,,,,,,,,,,,,,,,,,,,,,,,,,,,,,,,,,,,,,,,,,,,,,,,,,,,,,,,,,,,,,,,,,,,,,,,,,,,,,,,,,,,,,,,,,,,,,,,,,,,,,,,,,,,,,,,,,,,,,,,,,,,,,,,,,,,,,,,,,,,,,,,,,,,,,,,,,,,,,,,,,,,,,,,,,,,,,,,,,,,,,,,,,,,,,,,,,,,,,,,,,,,,,,,,,,,,,,,,,,,,,,,,,,,,,,,,,,,,,,,,,,,,,,,,,,,,,,,,,,,,,,,,,,,,,,,,
10,3,3,10.56492805,2.62E-01,2.55E-01,2.44E-01,2.30E-01,2.12E-01,1.92E-01,1.70E-01,1.45E-01,1.20E-01,9.33E-02,6.63E-02,3.94E-02,1.30E-02,-1.27E-02,-3.71E-02,-6.00E-02,-8.11E-02,-1.00E-01,-1.17E-01,-1.31E-01,-1.42E-01,-1.51E-01,-1.57E-01,-1.60E-01,-1.61E-01,-1.59E-01,-1.55E-01,-1.48E-01,-1.39E-01,-1.29E-01,-1.16E-01,-1.03E-01,-8.81E-02,-7.26E-02,-5.66E-02,-4.02E-02,-2.39E-02,-7.86E-03,7.70E-03,2.25E-02,3.64E-02,4.92E-02,6.07E-02,7.07E-02,7.93E-02,8.62E-02,9.16E-02,9.52E-02,9.72E-02,9.76E-02,9.65E-02,9.38E-02,8.98E-02,8.45E-02,7.80E-02,7.06E-02,6.24E-02,5.35E-02,4.40E-02,3.43E-02,2.44E-02,1.45E-02,4.76E-03,-4.67E-03,-1.37E-02,-2.21E-02,-2.98E-02,-3.68E-02,-4.29E-02,-4.81E-02,-5.23E-02,-5.55E-02,-5.78E-02,-5.90E-02,-5.92E-02,-5.85E-02,-5.69E-02,-5.44E-02,-5.12E-02,-4.73E-02,-4.28E-02,-3.78E-02,-3.24E-02,-2.67E-02,-2.08E-02,-1.48E-02,-8.80E-03,-2.89E-03,2.83E-03,8.29E-03,1.34E-02,1.81E-02,2.23E-02,2.60E-02,2.92E-02,3.17E-02,3.37E-02,3.50E-02,3.58E-02,3.59E-02,,,,,,,,,,,,,,,,,,,,,,,,,,,,,,,,,,,,,,,,,,,,,,,,,,,,,,,,,,,,,,,,,,,,,,,,,,,,,,,,,,,,,,,,,,,,,,,,,,,,,,,,,,,,,,,,,,,,,,,,,,,,,,,,,,,,,,,,,,,,,,,,,,,,,,,,,,,,,,,,,,,,,,,,,,,,,,,,,,,,,,,,,,,,,,,,,,,,,,,,,,,,,,,,,,,,,,,,,,,,,,,,,,,,,,,,,,,,,,,,,,,,,,,,,,,,,,,,,,,,,,,,,,,,,,,,,,,,,,,,,,,,,,,,,,,,,,,,,,,,,,,,,,,,,,,,,,,,,,,,,,,,,,,,,,,,,,,,,,,,,,,,,,,,,,,,,,,,,,,,,,,,,,,,,,,,,,,,,,,,,,,,,,,,,,,,,,,,,,,,,,,,,,,,,,,,,,,,,,,,,,,,,,,,,,,,,,,,,,,,,,,,,,,,,,,,,,,,,,,,,,,,,,,,,,,,,,,,,,,,,,,,,,,,,,,,,,,,,,,,,,,,,,,,,,,,,,,,,,,,,,,,,,,,,,,,,,,,,,,,,,,,,,,,,,,,,,,,,,,,,,,,,,,,,,,,,,,,,,,,,,,,,,,,,,,,,,,,,,,,,,,,,,,,,,,,,,,,,,,,,,,,,,,,,,,,,,,,,,,,,,,,,,,,,,,,,,,,,,,,,,,,,,,,,,,,,,,,,,,,,,,,,,,,,,,,,,,,,,,,,,,,,,,,,,,,,,,,,,,,,,,,,,,,,,,,,,,
11,3,5,10.62694581,1.03E-01,1.01E-01,9.63E-02,9.06E-02,8.37E-02,7.57E-02,6.69E-02,5.73E-02,4.72E-02,3.68E-02,2.61E-02,1.55E-02,5.09E-03,-5.03E-03,-1.47E-02,-2.37E-02,-3.20E-02,-3.95E-02,-4.60E-02,-5.16E-02,-5.61E-02,-5.95E-02,-6.19E-02,-6.32E-02,-6.35E-02,-6.27E-02,-6.10E-02,-5.84E-02,-5.49E-02,-5.07E-02,-4.59E-02,-4.06E-02,-3.48E-02,-2.87E-02,-2.23E-02,-1.59E-02,-9.45E-03,-3.11E-03,3.02E-03,8.87E-03,1.43E-02,1.94E-02,2.39E-02,2.79E-02,3.13E-02,3.40E-02,3.61E-02,3.76E-02,3.84E-02,3.85E-02,3.81E-02,3.70E-02,3.54E-02,3.33E-02,3.08E-02,2.79E-02,2.46E-02,2.11E-02,1.74E-02,1.35E-02,9.62E-03,5.71E-03,1.87E-03,-1.85E-03,-5.40E-03,-8.72E-03,-1.18E-02,-1.45E-02,-1.69E-02,-1.90E-02,-2.06E-02,-2.19E-02,-2.28E-02,-2.33E-02,-2.33E-02,-2.31E-02,-2.24E-02,-2.15E-02,-2.02E-02,-1.87E-02,-1.69E-02,-1.49E-02,-1.28E-02,-1.05E-02,-8.21E-03,-5.85E-03,-3.48E-03,-1.15E-03,1.11E-03,3.26E-03,5.28E-03,7.13E-03,8.80E-03,1.03E-02,1.15E-02,1.25E-02,1.33E-02,1.38E-02,1.41E-02,1.42E-02,,,,,,,,,,,,,,,,,,,,,,,,,,,,,,,,,,,,,,,,,,,,,,,,,,,,,,,,,,,,,,,,,,,,,,,,,,,,,,,,,,,,,,,,,,,,,,,,,,,,,,,,,,,,,,,,,,,,,,,,,,,,,,,,,,,,,,,,,,,,,,,,,,,,,,,,,,,,,,,,,,,,,,,,,,,,,,,,,,,,,,,,,,,,,,,,,,,,,,,,,,,,,,,,,,,,,,,,,,,,,,,,,,,,,,,,,,,,,,,,,,,,,,,,,,,,,,,,,,,,,,,,,,,,,,,,,,,,,,,,,,,,,,,,,,,,,,,,,,,,,,,,,,,,,,,,,,,,,,,,,,,,,,,,,,,,,,,,,,,,,,,,,,,,,,,,,,,,,,,,,,,,,,,,,,,,,,,,,,,,,,,,,,,,,,,,,,,,,,,,,,,,,,,,,,,,,,,,,,,,,,,,,,,,,,,,,,,,,,,,,,,,,,,,,,,,,,,,,,,,,,,,,,,,,,,,,,,,,,,,,,,,,,,,,,,,,,,,,,,,,,,,,,,,,,,,,,,,,,,,,,,,,,,,,,,,,,,,,,,,,,,,,,,,,,,,,,,,,,,,,,,,,,,,,,,,,,,,,,,,,,,,,,,,,,,,,,,,,,,,,,,,,,,,,,,,,,,,,,,,,,,,,,,,,,,,,,,,,,,,,,,,,,,,,,,,,,,,,,,,,,,,,,,,,,,,,,,,,,,,,,,,,,,,,,,,,,,,,,,,,,,,,,,,,,,,,,,,,,,,,,,,,,,,,,,,,,,
12,3,7,10.61933225,1.65E-02,1.61E-02,1.54E-02,1.44E-02,1.32E-02,1.19E-02,1.04E-02,8.84E-03,7.18E-03,5.47E-03,3.75E-03,2.06E-03,4.14E-04,-1.16E-03,-2.63E-03,-3.98E-03,-5.21E-03,-6.29E-03,-7.22E-03,-8.00E-03,-8.62E-03,-9.08E-03,-9.39E-03,-9.55E-03,-9.56E-03,-9.44E-03,-9.18E-03,-8.81E-03,-8.32E-03,-7.73E-03,-7.05E-03,-6.29E-03,-5.46E-03,-4.58E-03,-3.65E-03,-2.70E-03,-1.73E-03,-7.55E-04,2.03E-04,1.13E-03,2.02E-03,2.85E-03,3.61E-03,4.29E-03,4.88E-03,5.37E-03,5.75E-03,6.02E-03,6.18E-03,6.22E-03,6.15E-03,5.98E-03,5.71E-03,5.35E-03,4.91E-03,4.40E-03,3.84E-03,3.24E-03,2.61E-03,1.97E-03,1.33E-03,7.04E-04,9.67E-05,-4.80E-04,-1.02E-03,-1.51E-03,-1.95E-03,-2.34E-03,-2.67E-03,-2.94E-03,-3.16E-03,-3.32E-03,-3.42E-03,-3.47E-03,-3.47E-03,-3.43E-03,-3.33E-03,-3.20E-03,-3.03E-03,-2.82E-03,-2.58E-03,-2.31E-03,-2.02E-03,-1.70E-03,-1.37E-03,-1.03E-03,-6.73E-04,-3.18E-04,3.54E-05,3.81E-04,7.12E-04,1.02E-03,1.31E-03,1.57E-03,1.80E-03,1.99E-03,2.13E-03,2.24E-03,2.30E-03,2.32E-03,,,,,,,,,,,,,,,,,,,,,,,,,,,,,,,,,,,,,,,,,,,,,,,,,,,,,,,,,,,,,,,,,,,,,,,,,,,,,,,,,,,,,,,,,,,,,,,,,,,,,,,,,,,,,,,,,,,,,,,,,,,,,,,,,,,,,,,,,,,,,,,,,,,,,,,,,,,,,,,,,,,,,,,,,,,,,,,,,,,,,,,,,,,,,,,,,,,,,,,,,,,,,,,,,,,,,,,,,,,,,,,,,,,,,,,,,,,,,,,,,,,,,,,,,,,,,,,,,,,,,,,,,,,,,,,,,,,,,,,,,,,,,,,,,,,,,,,,,,,,,,,,,,,,,,,,,,,,,,,,,,,,,,,,,,,,,,,,,,,,,,,,,,,,,,,,,,,,,,,,,,,,,,,,,,,,,,,,,,,,,,,,,,,,,,,,,,,,,,,,,,,,,,,,,,,,,,,,,,,,,,,,,,,,,,,,,,,,,,,,,,,,,,,,,,,,,,,,,,,,,,,,,,,,,,,,,,,,,,,,,,,,,,,,,,,,,,,,,,,,,,,,,,,,,,,,,,,,,,,,,,,,,,,,,,,,,,,,,,,,,,,,,,,,,,,,,,,,,,,,,,,,,,,,,,,,,,,,,,,,,,,,,,,,,,,,,,,,,,,,,,,,,,,,,,,,,,,,,,,,,,,,,,,,,,,,,,,,,,,,,,,,,,,,,,,,,,,,,,,,,,,,,,,,,,,,,,,,,,,,,,,,,,,,,,,,,,,,,,,,,,,,,,,,,,,,,,,,,,,,,,,,,,,,,,,,,,,
13,3,9,10.54284705,4.32E-03,4.15E-03,3.76E-03,3.20E-03,2.49E-03,1.69E-03,8.32E-04,-2.08E-05,-8.24E-04,-1.53E-03,-2.11E-03,-2.53E-03,-2.77E-03,-2.83E-03,-2.71E-03,-2.43E-03,-2.02E-03,-1.51E-03,-9.30E-04,-3.30E-04,2.53E-04,7.81E-04,1.22E-03,1.55E-03,1.74E-03,1.79E-03,1.70E-03,1.48E-03,1.15E-03,7.28E-04,2.52E-04,-2.49E-04,-7.40E-04,-1.19E-03,-1.56E-03,-1.84E-03,-2.01E-03,-2.05E-03,-1.96E-03,-1.76E-03,-1.44E-03,-1.04E-03,-5.82E-04,-8.58E-05,4.15E-04,8.90E-04,1.31E-03,1.66E-03,1.91E-03,2.05E-03,2.07E-03,1.99E-03,1.80E-03,1.52E-03,1.16E-03,7.60E-04,3.34E-04,-9.08E-05,-4.89E-04,-8.38E-04,-1.12E-03,-1.32E-03,-1.43E-03,-1.45E-03,-1.37E-03,-1.22E-03,-9.94E-04,-7.19E-04,-4.14E-04,-9.78E-05,2.08E-04,4.84E-04,7.13E-04,8.81E-04,9.80E-04,1.01E-03,9.57E-04,8.41E-04,6.66E-04,4.45E-04,1.93E-04,-7.14E-05,-3.31E-04,-5.70E-04,-7.71E-04,-9.24E-04,-1.02E-03,-1.05E-03,-1.01E-03,-9.15E-04,-7.62E-04,-5.63E-04,-3.32E-04,-8.26E-05,1.70E-04,4.10E-04,6.23E-04,7.99E-04,9.25E-04,9.98E-04,,,,,,,,,,,,,,,,,,,,,,,,,,,,,,,,,,,,,,,,,,,,,,,,,,,,,,,,,,,,,,,,,,,,,,,,,,,,,,,,,,,,,,,,,,,,,,,,,,,,,,,,,,,,,,,,,,,,,,,,,,,,,,,,,,,,,,,,,,,,,,,,,,,,,,,,,,,,,,,,,,,,,,,,,,,,,,,,,,,,,,,,,,,,,,,,,,,,,,,,,,,,,,,,,,,,,,,,,,,,,,,,,,,,,,,,,,,,,,,,,,,,,,,,,,,,,,,,,,,,,,,,,,,,,,,,,,,,,,,,,,,,,,,,,,,,,,,,,,,,,,,,,,,,,,,,,,,,,,,,,,,,,,,,,,,,,,,,,,,,,,,,,,,,,,,,,,,,,,,,,,,,,,,,,,,,,,,,,,,,,,,,,,,,,,,,,,,,,,,,,,,,,,,,,,,,,,,,,,,,,,,,,,,,,,,,,,,,,,,,,,,,,,,,,,,,,,,,,,,,,,,,,,,,,,,,,,,,,,,,,,,,,,,,,,,,,,,,,,,,,,,,,,,,,,,,,,,,,,,,,,,,,,,,,,,,,,,,,,,,,,,,,,,,,,,,,,,,,,,,,,,,,,,,,,,,,,,,,,,,,,,,,,,,,,,,,,,,,,,,,,,,,,,,,,,,,,,,,,,,,,,,,,,,,,,,,,,,,,,,,,,,,,,,,,,,,,,,,,,,,,,,,,,,,,,,,,,,,,,,,,,,,,,,,,,,,,,,,,,,,,,,,,,,,,,,,,,,,,,,,,,,,,,,,,,,,,,
14,3,11,10.39976741,1.06E-02,1.02E-02,9.08E-03,7.45E-03,5.41E-03,3.09E-03,6.33E-04,-1.79E-03,-4.05E-03,-5.99E-03,-7.50E-03,-8.51E-03,-8.97E-03,-8.85E-03,-8.19E-03,-7.03E-03,-5.47E-03,-3.61E-03,-1.57E-03,5.06E-04,2.50E-03,4.28E-03,5.75E-03,6.83E-03,7.45E-03,7.59E-03,7.25E-03,6.47E-03,5.31E-03,3.85E-03,2.19E-03,4.31E-04,-1.31E-03,-2.92E-03,-4.30E-03,-5.39E-03,-6.11E-03,-6.43E-03,-6.34E-03,-5.86E-03,-5.03E-03,-3.91E-03,-2.58E-03,-1.12E-03,3.77E-04,1.81E-03,3.09E-03,4.14E-03,4.91E-03,5.35E-03,5.45E-03,5.21E-03,4.65E-03,3.82E-03,2.77E-03,1.58E-03,3.21E-04,-9.26E-04,-2.08E-03,-3.08E-03,-3.85E-03,-4.37E-03,-4.60E-03,-4.54E-03,-4.20E-03,-3.61E-03,-2.81E-03,-1.85E-03,-8.07E-04,2.61E-04,1.28E-03,2.20E-03,2.96E-03,3.51E-03,3.83E-03,3.90E-03,3.72E-03,3.33E-03,2.73E-03,1.98E-03,1.12E-03,2.23E-04,-6.69E-04,-1.50E-03,-2.21E-03,-2.76E-03,-3.13E-03,-3.30E-03,-3.26E-03,-3.01E-03,-2.58E-03,-2.01E-03,-1.32E-03,-5.73E-04,1.93E-04,9.27E-04,1.58E-03,2.13E-03,2.52E-03,2.75E-03,,,,,,,,,,,,,,,,,,,,,,,,,,,,,,,,,,,,,,,,,,,,,,,,,,,,,,,,,,,,,,,,,,,,,,,,,,,,,,,,,,,,,,,,,,,,,,,,,,,,,,,,,,,,,,,,,,,,,,,,,,,,,,,,,,,,,,,,,,,,,,,,,,,,,,,,,,,,,,,,,,,,,,,,,,,,,,,,,,,,,,,,,,,,,,,,,,,,,,,,,,,,,,,,,,,,,,,,,,,,,,,,,,,,,,,,,,,,,,,,,,,,,,,,,,,,,,,,,,,,,,,,,,,,,,,,,,,,,,,,,,,,,,,,,,,,,,,,,,,,,,,,,,,,,,,,,,,,,,,,,,,,,,,,,,,,,,,,,,,,,,,,,,,,,,,,,,,,,,,,,,,,,,,,,,,,,,,,,,,,,,,,,,,,,,,,,,,,,,,,,,,,,,,,,,,,,,,,,,,,,,,,,,,,,,,,,,,,,,,,,,,,,,,,,,,,,,,,,,,,,,,,,,,,,,,,,,,,,,,,,,,,,,,,,,,,,,,,,,,,,,,,,,,,,,,,,,,,,,,,,,,,,,,,,,,,,,,,,,,,,,,,,,,,,,,,,,,,,,,,,,,,,,,,,,,,,,,,,,,,,,,,,,,,,,,,,,,,,,,,,,,,,,,,,,,,,,,,,,,,,,,,,,,,,,,,,,,,,,,,,,,,,,,,,,,,,,,,,,,,,,,,,,,,,,,,,,,,,,,,,,,,,,,,,,,,,,,,,,,,,,,,,,,,,,,,,,,,,,,,,,,,,,,,,,,,,,,
15,3,13,10.19383979,1.46E-02,1.39E-02,1.24E-02,1.02E-02,7.40E-03,4.21E-03,8.48E-04,-2.48E-03,-5.56E-03,-8.22E-03,-1.03E-02,-1.17E-02,-1.23E-02,-1.21E-02,-1.12E-02,-9.63E-03,-7.49E-03,-4.94E-03,-2.14E-03,7.10E-04,3.44E-03,5.89E-03,7.91E-03,9.38E-03,1.02E-02,1.04E-02,9.96E-03,8.89E-03,7.30E-03,5.29E-03,3.01E-03,6.03E-04,-1.78E-03,-3.99E-03,-5.89E-03,-7.38E-03,-8.37E-03,-8.81E-03,-8.70E-03,-8.04E-03,-6.91E-03,-5.37E-03,-3.54E-03,-1.54E-03,5.06E-04,2.47E-03,4.22E-03,5.67E-03,6.72E-03,7.33E-03,7.47E-03,7.14E-03,6.37E-03,5.23E-03,3.79E-03,2.16E-03,4.32E-04,-1.28E-03,-2.86E-03,-4.22E-03,-5.29E-03,-6.00E-03,-6.32E-03,-6.23E-03,-5.76E-03,-4.95E-03,-3.85E-03,-2.54E-03,-1.10E-03,3.64E-04,1.77E-03,3.02E-03,4.06E-03,4.82E-03,5.25E-03,5.35E-03,5.12E-03,4.57E-03,3.75E-03,2.72E-03,1.55E-03,3.10E-04,-9.13E-04,-2.05E-03,-3.03E-03,-3.79E-03,-4.30E-03,-4.52E-03,-4.46E-03,-4.13E-03,-3.54E-03,-2.76E-03,-1.82E-03,-7.88E-04,2.61E-04,1.27E-03,2.17E-03,2.91E-03,3.45E-03,3.76E-03,,,,,,,,,,,,,,,,,,,,,,,,,,,,,,,,,,,,,,,,,,,,,,,,,,,,,,,,,,,,,,,,,,,,,,,,,,,,,,,,,,,,,,,,,,,,,,,,,,,,,,,,,,,,,,,,,,,,,,,,,,,,,,,,,,,,,,,,,,,,,,,,,,,,,,,,,,,,,,,,,,,,,,,,,,,,,,,,,,,,,,,,,,,,,,,,,,,,,,,,,,,,,,,,,,,,,,,,,,,,,,,,,,,,,,,,,,,,,,,,,,,,,,,,,,,,,,,,,,,,,,,,,,,,,,,,,,,,,,,,,,,,,,,,,,,,,,,,,,,,,,,,,,,,,,,,,,,,,,,,,,,,,,,,,,,,,,,,,,,,,,,,,,,,,,,,,,,,,,,,,,,,,,,,,,,,,,,,,,,,,,,,,,,,,,,,,,,,,,,,,,,,,,,,,,,,,,,,,,,,,,,,,,,,,,,,,,,,,,,,,,,,,,,,,,,,,,,,,,,,,,,,,,,,,,,,,,,,,,,,,,,,,,,,,,,,,,,,,,,,,,,,,,,,,,,,,,,,,,,,,,,,,,,,,,,,,,,,,,,,,,,,,,,,,,,,,,,,,,,,,,,,,,,,,,,,,,,,,,,,,,,,,,,,,,,,,,,,,,,,,,,,,,,,,,,,,,,,,,,,,,,,,,,,,,,,,,,,,,,,,,,,,,,,,,,,,,,,,,,,,,,,,,,,,,,,,,,,,,,,,,,,,,,,,,,,,,,,,,,,,,,,,,,,,,,,,,,,,,,,,,,,,,,,,,,,,,,
16,3,15,9.93018582,8.60E-03,8.22E-03,7.34E-03,6.02E-03,4.37E-03,2.49E-03,5.01E-04,-1.46E-03,-3.29E-03,-4.86E-03,-6.08E-03,-6.90E-03,-7.26E-03,-7.17E-03,-6.63E-03,-5.69E-03,-4.42E-03,-2.92E-03,-1.27E-03,4.20E-04,2.03E-03,3.48E-03,4.67E-03,5.54E-03,6.04E-03,6.16E-03,5.89E-03,5.25E-03,4.31E-03,3.13E-03,1.78E-03,3.56E-04,-1.05E-03,-2.36E-03,-3.48E-03,-4.36E-03,-4.95E-03,-5.21E-03,-5.14E-03,-4.75E-03,-4.08E-03,-3.17E-03,-2.09E-03,-9.09E-04,2.99E-04,1.46E-03,2.49E-03,3.35E-03,3.97E-03,4.33E-03,4.41E-03,4.22E-03,3.76E-03,3.09E-03,2.24E-03,1.27E-03,2.55E-04,-7.54E-04,-1.69E-03,-2.50E-03,-3.12E-03,-3.54E-03,-3.73E-03,-3.68E-03,-3.40E-03,-2.92E-03,-2.27E-03,-1.50E-03,-6.51E-04,2.15E-04,1.04E-03,1.79E-03,2.40E-03,2.85E-03,3.10E-03,3.16E-03,3.02E-03,2.70E-03,2.21E-03,1.61E-03,9.14E-04,1.83E-04,-5.39E-04,-1.21E-03,-1.79E-03,-2.24E-03,-2.54E-03,-2.67E-03,-2.64E-03,-2.44E-03,-2.09E-03,-1.63E-03,-1.07E-03,-4.66E-04,1.54E-04,7.49E-04,1.28E-03,1.72E-03,2.04E-03,2.22E-03,,,,,,,,,,,,,,,,,,,,,,,,,,,,,,,,,,,,,,,,,,,,,,,,,,,,,,,,,,,,,,,,,,,,,,,,,,,,,,,,,,,,,,,,,,,,,,,,,,,,,,,,,,,,,,,,,,,,,,,,,,,,,,,,,,,,,,,,,,,,,,,,,,,,,,,,,,,,,,,,,,,,,,,,,,,,,,,,,,,,,,,,,,,,,,,,,,,,,,,,,,,,,,,,,,,,,,,,,,,,,,,,,,,,,,,,,,,,,,,,,,,,,,,,,,,,,,,,,,,,,,,,,,,,,,,,,,,,,,,,,,,,,,,,,,,,,,,,,,,,,,,,,,,,,,,,,,,,,,,,,,,,,,,,,,,,,,,,,,,,,,,,,,,,,,,,,,,,,,,,,,,,,,,,,,,,,,,,,,,,,,,,,,,,,,,,,,,,,,,,,,,,,,,,,,,,,,,,,,,,,,,,,,,,,,,,,,,,,,,,,,,,,,,,,,,,,,,,,,,,,,,,,,,,,,,,,,,,,,,,,,,,,,,,,,,,,,,,,,,,,,,,,,,,,,,,,,,,,,,,,,,,,,,,,,,,,,,,,,,,,,,,,,,,,,,,,,,,,,,,,,,,,,,,,,,,,,,,,,,,,,,,,,,,,,,,,,,,,,,,,,,,,,,,,,,,,,,,,,,,,,,,,,,,,,,,,,,,,,,,,,,,,,,,,,,,,,,,,,,,,,,,,,,,,,,,,,,,,,,,,,,,,,,,,,,,,,,,,,,,,,,,,,,,,,,,,,,,,,,,,,,,,,,,,,,,,,,
17,5,1,9.61516601,1.57E-01,1.53E-01,1.46E-01,1.38E-01,1.27E-01,1.15E-01,1.02E-01,8.71E-02,7.18E-02,5.59E-02,3.98E-02,2.36E-02,7.76E-03,-7.61E-03,-2.23E-02,-3.60E-02,-4.86E-02,-6.00E-02,-6.99E-02,-7.84E-02,-8.52E-02,-9.05E-02,-9.41E-02,-9.61E-02,-9.65E-02,-9.53E-02,-9.27E-02,-8.87E-02,-8.35E-02,-7.71E-02,-6.98E-02,-6.16E-02,-5.28E-02,-4.35E-02,-3.39E-02,-2.41E-02,-1.43E-02,-4.71E-03,4.62E-03,1.35E-02,2.18E-02,2.95E-02,3.64E-02,4.24E-02,4.75E-02,5.17E-02,5.49E-02,5.71E-02,5.83E-02,5.85E-02,5.78E-02,5.62E-02,5.38E-02,5.06E-02,4.68E-02,4.23E-02,3.74E-02,3.20E-02,2.64E-02,2.06E-02,1.46E-02,8.70E-03,2.86E-03,-2.80E-03,-8.19E-03,-1.32E-02,-1.79E-02,-2.21E-02,-2.57E-02,-2.88E-02,-3.14E-02,-3.33E-02,-3.46E-02,-3.54E-02,-3.55E-02,-3.51E-02,-3.41E-02,-3.26E-02,-3.07E-02,-2.84E-02,-2.57E-02,-2.27E-02,-1.94E-02,-1.60E-02,-1.25E-02,-8.87E-03,-5.27E-03,-1.73E-03,1.70E-03,4.97E-03,8.03E-03,1.08E-02,1.34E-02,1.56E-02,1.75E-02,1.90E-02,2.02E-02,2.10E-02,2.14E-02,2.15E-02,,,,,,,,,,,,,,,,,,,,,,,,,,,,,,,,,,,,,,,,,,,,,,,,,,,,,,,,,,,,,,,,,,,,,,,,,,,,,,,,,,,,,,,,,,,,,,,,,,,,,,,,,,,,,,,,,,,,,,,,,,,,,,,,,,,,,,,,,,,,,,,,,,,,,,,,,,,,,,,,,,,,,,,,,,,,,,,,,,,,,,,,,,,,,,,,,,,,,,,,,,,,,,,,,,,,,,,,,,,,,,,,,,,,,,,,,,,,,,,,,,,,,,,,,,,,,,,,,,,,,,,,,,,,,,,,,,,,,,,,,,,,,,,,,,,,,,,,,,,,,,,,,,,,,,,,,,,,,,,,,,,,,,,,,,,,,,,,,,,,,,,,,,,,,,,,,,,,,,,,,,,,,,,,,,,,,,,,,,,,,,,,,,,,,,,,,,,,,,,,,,,,,,,,,,,,,,,,,,,,,,,,,,,,,,,,,,,,,,,,,,,,,,,,,,,,,,,,,,,,,,,,,,,,,,,,,,,,,,,,,,,,,,,,,,,,,,,,,,,,,,,,,,,,,,,,,,,,,,,,,,,,,,,,,,,,,,,,,,,,,,,,,,,,,,,,,,,,,,,,,,,,,,,,,,,,,,,,,,,,,,,,,,,,,,,,,,,,,,,,,,,,,,,,,,,,,,,,,,,,,,,,,,,,,,,,,,,,,,,,,,,,,,,,,,,,,,,,,,,,,,,,,,,,,,,,,,,,,,,,,,,,,,,,,,,,,,,,,,,,,,,,,,,,,,,,,,,,,,,,,,,,,,,,,,,,,,,
18,5,3,9.2562074,1.89E-01,1.84E-01,1.76E-01,1.66E-01,1.53E-01,1.39E-01,1.22E-01,1.05E-01,8.65E-02,6.73E-02,4.79E-02,2.85E-02,9.35E-03,-9.17E-03,-2.68E-02,-4.33E-02,-5.85E-02,-7.22E-02,-8.42E-02,-9.44E-02,-1.03E-01,-1.09E-01,-1.13E-01,-1.16E-01,-1.16E-01,-1.15E-01,-1.12E-01,-1.07E-01,-1.01E-01,-9.29E-02,-8.41E-02,-7.42E-02,-6.36E-02,-5.24E-02,-4.08E-02,-2.91E-02,-1.73E-02,-5.67E-03,5.56E-03,1.63E-02,2.63E-02,3.55E-02,4.38E-02,5.11E-02,5.72E-02,6.23E-02,6.61E-02,6.88E-02,7.02E-02,7.05E-02,6.97E-02,6.77E-02,6.48E-02,6.10E-02,5.63E-02,5.10E-02,4.50E-02,3.86E-02,3.18E-02,2.48E-02,1.76E-02,1.05E-02,3.44E-03,-3.37E-03,-9.87E-03,-1.59E-02,-2.15E-02,-2.66E-02,-3.10E-02,-3.47E-02,-3.78E-02,-4.01E-02,-4.17E-02,-4.26E-02,-4.28E-02,-4.22E-02,-4.11E-02,-3.93E-02,-3.70E-02,-3.42E-02,-3.09E-02,-2.73E-02,-2.34E-02,-1.93E-02,-1.50E-02,-1.07E-02,-6.35E-03,-2.09E-03,2.04E-03,5.98E-03,9.67E-03,1.31E-02,1.61E-02,1.88E-02,2.11E-02,2.29E-02,2.43E-02,2.53E-02,2.58E-02,2.59E-02,,,,,,,,,,,,,,,,,,,,,,,,,,,,,,,,,,,,,,,,,,,,,,,,,,,,,,,,,,,,,,,,,,,,,,,,,,,,,,,,,,,,,,,,,,,,,,,,,,,,,,,,,,,,,,,,,,,,,,,,,,,,,,,,,,,,,,,,,,,,,,,,,,,,,,,,,,,,,,,,,,,,,,,,,,,,,,,,,,,,,,,,,,,,,,,,,,,,,,,,,,,,,,,,,,,,,,,,,,,,,,,,,,,,,,,,,,,,,,,,,,,,,,,,,,,,,,,,,,,,,,,,,,,,,,,,,,,,,,,,,,,,,,,,,,,,,,,,,,,,,,,,,,,,,,,,,,,,,,,,,,,,,,,,,,,,,,,,,,,,,,,,,,,,,,,,,,,,,,,,,,,,,,,,,,,,,,,,,,,,,,,,,,,,,,,,,,,,,,,,,,,,,,,,,,,,,,,,,,,,,,,,,,,,,,,,,,,,,,,,,,,,,,,,,,,,,,,,,,,,,,,,,,,,,,,,,,,,,,,,,,,,,,,,,,,,,,,,,,,,,,,,,,,,,,,,,,,,,,,,,,,,,,,,,,,,,,,,,,,,,,,,,,,,,,,,,,,,,,,,,,,,,,,,,,,,,,,,,,,,,,,,,,,,,,,,,,,,,,,,,,,,,,,,,,,,,,,,,,,,,,,,,,,,,,,,,,,,,,,,,,,,,,,,,,,,,,,,,,,,,,,,,,,,,,,,,,,,,,,,,,,,,,,,,,,,,,,,,,,,,,,,,,,,,,,,,,,,,,,,,,,,,,,,,,,,,,,
19,5,5,8.86160174,9.00E-02,8.76E-02,8.38E-02,7.88E-02,7.28E-02,6.59E-02,5.82E-02,4.98E-02,4.10E-02,3.19E-02,2.27E-02,1.35E-02,4.37E-03,-4.43E-03,-1.28E-02,-2.06E-02,-2.79E-02,-3.43E-02,-4.00E-02,-4.48E-02,-4.88E-02,-5.18E-02,-5.38E-02,-5.50E-02,-5.52E-02,-5.45E-02,-5.30E-02,-5.07E-02,-4.77E-02,-4.41E-02,-3.99E-02,-3.53E-02,-3.02E-02,-2.49E-02,-1.94E-02,-1.38E-02,-8.25E-03,-2.75E-03,2.59E-03,7.68E-03,1.25E-02,1.68E-02,2.08E-02,2.43E-02,2.72E-02,2.96E-02,3.14E-02,3.27E-02,3.34E-02,3.35E-02,3.31E-02,3.22E-02,3.08E-02,2.90E-02,2.68E-02,2.42E-02,2.14E-02,1.83E-02,1.51E-02,1.17E-02,8.34E-03,4.94E-03,1.60E-03,-1.64E-03,-4.72E-03,-7.60E-03,-1.03E-02,-1.26E-02,-1.47E-02,-1.65E-02,-1.79E-02,-1.90E-02,-1.98E-02,-2.02E-02,-2.03E-02,-2.00E-02,-1.95E-02,-1.87E-02,-1.76E-02,-1.62E-02,-1.47E-02,-1.30E-02,-1.11E-02,-9.18E-03,-7.16E-03,-5.10E-03,-3.04E-03,-1.02E-03,9.46E-04,2.82E-03,4.57E-03,6.19E-03,7.65E-03,8.92E-03,1.00E-02,1.09E-02,1.16E-02,1.20E-02,1.23E-02,1.23E-02,,,,,,,,,,,,,,,,,,,,,,,,,,,,,,,,,,,,,,,,,,,,,,,,,,,,,,,,,,,,,,,,,,,,,,,,,,,,,,,,,,,,,,,,,,,,,,,,,,,,,,,,,,,,,,,,,,,,,,,,,,,,,,,,,,,,,,,,,,,,,,,,,,,,,,,,,,,,,,,,,,,,,,,,,,,,,,,,,,,,,,,,,,,,,,,,,,,,,,,,,,,,,,,,,,,,,,,,,,,,,,,,,,,,,,,,,,,,,,,,,,,,,,,,,,,,,,,,,,,,,,,,,,,,,,,,,,,,,,,,,,,,,,,,,,,,,,,,,,,,,,,,,,,,,,,,,,,,,,,,,,,,,,,,,,,,,,,,,,,,,,,,,,,,,,,,,,,,,,,,,,,,,,,,,,,,,,,,,,,,,,,,,,,,,,,,,,,,,,,,,,,,,,,,,,,,,,,,,,,,,,,,,,,,,,,,,,,,,,,,,,,,,,,,,,,,,,,,,,,,,,,,,,,,,,,,,,,,,,,,,,,,,,,,,,,,,,,,,,,,,,,,,,,,,,,,,,,,,,,,,,,,,,,,,,,,,,,,,,,,,,,,,,,,,,,,,,,,,,,,,,,,,,,,,,,,,,,,,,,,,,,,,,,,,,,,,,,,,,,,,,,,,,,,,,,,,,,,,,,,,,,,,,,,,,,,,,,,,,,,,,,,,,,,,,,,,,,,,,,,,,,,,,,,,,,,,,,,,,,,,,,,,,,,,,,,,,,,,,,,,,,,,,,,,,,,,,,,,,,,,,,,,,,,,,,,,,,
20,5,7,8.44028236,1.86E-02,1.81E-02,1.72E-02,1.60E-02,1.45E-02,1.29E-02,1.10E-02,9.04E-03,7.02E-03,5.00E-03,3.01E-03,1.11E-03,-6.64E-04,-2.29E-03,-3.75E-03,-5.03E-03,-6.12E-03,-7.03E-03,-7.76E-03,-8.32E-03,-8.72E-03,-8.99E-03,-9.13E-03,-9.17E-03,-9.10E-03,-8.96E-03,-8.73E-03,-8.43E-03,-8.07E-03,-7.63E-03,-7.12E-03,-6.54E-03,-5.88E-03,-5.16E-03,-4.36E-03,-3.49E-03,-2.56E-03,-1.58E-03,-5.65E-04,4.68E-04,1.50E-03,2.51E-03,3.47E-03,4.36E-03,5.16E-03,5.85E-03,6.40E-03,6.81E-03,7.07E-03,7.17E-03,7.11E-03,6.90E-03,6.55E-03,6.07E-03,5.48E-03,4.80E-03,4.06E-03,3.28E-03,2.48E-03,1.69E-03,9.25E-04,2.02E-04,-4.63E-04,-1.06E-03,-1.58E-03,-2.02E-03,-2.39E-03,-2.67E-03,-2.89E-03,-3.05E-03,-3.15E-03,-3.20E-03,-3.22E-03,-3.21E-03,-3.17E-03,-3.11E-03,-3.04E-03,-2.94E-03,-2.84E-03,-2.71E-03,-2.57E-03,-2.39E-03,-2.20E-03,-1.97E-03,-1.71E-03,-1.41E-03,-1.09E-03,-7.37E-04,-3.62E-04,3.00E-05,4.30E-04,8.28E-04,1.21E-03,1.58E-03,1.91E-03,2.19E-03,2.43E-03,2.61E-03,2.72E-03,2.77E-03,,,,,,,,,,,,,,,,,,,,,,,,,,,,,,,,,,,,,,,,,,,,,,,,,,,,,,,,,,,,,,,,,,,,,,,,,,,,,,,,,,,,,,,,,,,,,,,,,,,,,,,,,,,,,,,,,,,,,,,,,,,,,,,,,,,,,,,,,,,,,,,,,,,,,,,,,,,,,,,,,,,,,,,,,,,,,,,,,,,,,,,,,,,,,,,,,,,,,,,,,,,,,,,,,,,,,,,,,,,,,,,,,,,,,,,,,,,,,,,,,,,,,,,,,,,,,,,,,,,,,,,,,,,,,,,,,,,,,,,,,,,,,,,,,,,,,,,,,,,,,,,,,,,,,,,,,,,,,,,,,,,,,,,,,,,,,,,,,,,,,,,,,,,,,,,,,,,,,,,,,,,,,,,,,,,,,,,,,,,,,,,,,,,,,,,,,,,,,,,,,,,,,,,,,,,,,,,,,,,,,,,,,,,,,,,,,,,,,,,,,,,,,,,,,,,,,,,,,,,,,,,,,,,,,,,,,,,,,,,,,,,,,,,,,,,,,,,,,,,,,,,,,,,,,,,,,,,,,,,,,,,,,,,,,,,,,,,,,,,,,,,,,,,,,,,,,,,,,,,,,,,,,,,,,,,,,,,,,,,,,,,,,,,,,,,,,,,,,,,,,,,,,,,,,,,,,,,,,,,,,,,,,,,,,,,,,,,,,,,,,,,,,,,,,,,,,,,,,,,,,,,,,,,,,,,,,,,,,,,,,,,,,,,,,,,,,,,,,,,,,,,,,,,,,,,,,,,,,,,,,,,,,,,,,,,,,,,
21,5,9,8.00158782,1.74E-02,1.67E-02,1.50E-02,1.24E-02,9.25E-03,5.61E-03,1.77E-03,-2.04E-03,-5.59E-03,-8.67E-03,-1.11E-02,-1.28E-02,-1.36E-02,-1.35E-02,-1.26E-02,-1.10E-02,-8.70E-03,-5.95E-03,-2.93E-03,1.74E-04,3.16E-03,5.83E-03,8.04E-03,9.66E-03,1.06E-02,1.08E-02,1.03E-02,9.18E-03,7.45E-03,5.27E-03,2.79E-03,1.77E-04,-2.40E-03,-4.78E-03,-6.82E-03,-8.40E-03,-9.42E-03,-9.84E-03,-9.63E-03,-8.84E-03,-7.51E-03,-5.74E-03,-3.65E-03,-1.38E-03,9.31E-04,3.14E-03,5.11E-03,6.74E-03,7.92E-03,8.60E-03,8.75E-03,8.37E-03,7.50E-03,6.20E-03,4.58E-03,2.73E-03,7.70E-04,-1.17E-03,-2.97E-03,-4.53E-03,-5.77E-03,-6.60E-03,-7.00E-03,-6.95E-03,-6.47E-03,-5.61E-03,-4.42E-03,-2.99E-03,-1.43E-03,1.74E-04,1.71E-03,3.10E-03,4.24E-03,5.07E-03,5.55E-03,5.67E-03,5.41E-03,4.82E-03,3.92E-03,2.80E-03,1.52E-03,1.66E-04,-1.17E-03,-2.40E-03,-3.46E-03,-4.28E-03,-4.81E-03,-5.04E-03,-4.94E-03,-4.54E-03,-3.87E-03,-2.97E-03,-1.91E-03,-7.50E-04,4.31E-04,1.56E-03,2.57E-03,3.40E-03,4.01E-03,4.36E-03,,,,,,,,,,,,,,,,,,,,,,,,,,,,,,,,,,,,,,,,,,,,,,,,,,,,,,,,,,,,,,,,,,,,,,,,,,,,,,,,,,,,,,,,,,,,,,,,,,,,,,,,,,,,,,,,,,,,,,,,,,,,,,,,,,,,,,,,,,,,,,,,,,,,,,,,,,,,,,,,,,,,,,,,,,,,,,,,,,,,,,,,,,,,,,,,,,,,,,,,,,,,,,,,,,,,,,,,,,,,,,,,,,,,,,,,,,,,,,,,,,,,,,,,,,,,,,,,,,,,,,,,,,,,,,,,,,,,,,,,,,,,,,,,,,,,,,,,,,,,,,,,,,,,,,,,,,,,,,,,,,,,,,,,,,,,,,,,,,,,,,,,,,,,,,,,,,,,,,,,,,,,,,,,,,,,,,,,,,,,,,,,,,,,,,,,,,,,,,,,,,,,,,,,,,,,,,,,,,,,,,,,,,,,,,,,,,,,,,,,,,,,,,,,,,,,,,,,,,,,,,,,,,,,,,,,,,,,,,,,,,,,,,,,,,,,,,,,,,,,,,,,,,,,,,,,,,,,,,,,,,,,,,,,,,,,,,,,,,,,,,,,,,,,,,,,,,,,,,,,,,,,,,,,,,,,,,,,,,,,,,,,,,,,,,,,,,,,,,,,,,,,,,,,,,,,,,,,,,,,,,,,,,,,,,,,,,,,,,,,,,,,,,,,,,,,,,,,,,,,,,,,,,,,,,,,,,,,,,,,,,,,,,,,,,,,,,,,,,,,,,,,,,,,,,,,,,,,,,,,,,,,,,,,,,,,,,,
22,5,11,7.55502069,6.37E-02,6.09E-02,5.44E-02,4.47E-02,3.24E-02,1.85E-02,3.84E-03,-1.07E-02,-2.42E-02,-3.58E-02,-4.49E-02,-5.09E-02,-5.36E-02,-5.29E-02,-4.89E-02,-4.20E-02,-3.27E-02,-2.15E-02,-9.33E-03,3.11E-03,1.50E-02,2.57E-02,3.45E-02,4.09E-02,4.46E-02,4.55E-02,4.35E-02,3.88E-02,3.18E-02,2.31E-02,1.31E-02,2.60E-03,-7.81E-03,-1.75E-02,-2.58E-02,-3.23E-02,-3.66E-02,-3.85E-02,-3.80E-02,-3.51E-02,-3.02E-02,-2.35E-02,-1.55E-02,-6.75E-03,2.18E-03,1.07E-02,1.84E-02,2.47E-02,2.93E-02,3.20E-02,3.26E-02,3.11E-02,2.78E-02,2.28E-02,1.65E-02,9.40E-03,1.86E-03,-5.59E-03,-1.25E-02,-1.85E-02,-2.31E-02,-2.62E-02,-2.76E-02,-2.72E-02,-2.52E-02,-2.16E-02,-1.68E-02,-1.11E-02,-4.82E-03,1.57E-03,7.70E-03,1.32E-02,1.77E-02,2.10E-02,2.29E-02,2.34E-02,2.23E-02,1.99E-02,1.64E-02,1.19E-02,6.75E-03,1.36E-03,-3.98E-03,-8.93E-03,-1.32E-02,-1.65E-02,-1.87E-02,-1.97E-02,-1.95E-02,-1.80E-02,-1.55E-02,-1.20E-02,-7.91E-03,-3.43E-03,1.16E-03,5.55E-03,9.48E-03,1.27E-02,1.51E-02,1.65E-02,,,,,,,,,,,,,,,,,,,,,,,,,,,,,,,,,,,,,,,,,,,,,,,,,,,,,,,,,,,,,,,,,,,,,,,,,,,,,,,,,,,,,,,,,,,,,,,,,,,,,,,,,,,,,,,,,,,,,,,,,,,,,,,,,,,,,,,,,,,,,,,,,,,,,,,,,,,,,,,,,,,,,,,,,,,,,,,,,,,,,,,,,,,,,,,,,,,,,,,,,,,,,,,,,,,,,,,,,,,,,,,,,,,,,,,,,,,,,,,,,,,,,,,,,,,,,,,,,,,,,,,,,,,,,,,,,,,,,,,,,,,,,,,,,,,,,,,,,,,,,,,,,,,,,,,,,,,,,,,,,,,,,,,,,,,,,,,,,,,,,,,,,,,,,,,,,,,,,,,,,,,,,,,,,,,,,,,,,,,,,,,,,,,,,,,,,,,,,,,,,,,,,,,,,,,,,,,,,,,,,,,,,,,,,,,,,,,,,,,,,,,,,,,,,,,,,,,,,,,,,,,,,,,,,,,,,,,,,,,,,,,,,,,,,,,,,,,,,,,,,,,,,,,,,,,,,,,,,,,,,,,,,,,,,,,,,,,,,,,,,,,,,,,,,,,,,,,,,,,,,,,,,,,,,,,,,,,,,,,,,,,,,,,,,,,,,,,,,,,,,,,,,,,,,,,,,,,,,,,,,,,,,,,,,,,,,,,,,,,,,,,,,,,,,,,,,,,,,,,,,,,,,,,,,,,,,,,,,,,,,,,,,,,,,,,,,,,,,,,,,,,,,,,,,,,,,,,,,,,,,,,,,,,,,,,,,,,
23,5,13,7.11000919,1.08E-01,1.03E-01,9.20E-02,7.56E-02,5.49E-02,3.13E-02,6.46E-03,-1.81E-02,-4.09E-02,-6.06E-02,-7.59E-02,-8.61E-02,-9.07E-02,-8.95E-02,-8.28E-02,-7.11E-02,-5.53E-02,-3.64E-02,-1.58E-02,5.31E-03,2.55E-02,4.36E-02,5.85E-02,6.93E-02,7.56E-02,7.70E-02,7.36E-02,6.57E-02,5.39E-02,3.91E-02,2.22E-02,4.42E-03,-1.32E-02,-2.95E-02,-4.36E-02,-5.46E-02,-6.19E-02,-6.52E-02,-6.43E-02,-5.95E-02,-5.11E-02,-3.98E-02,-2.62E-02,-1.14E-02,3.66E-03,1.81E-02,3.11E-02,4.18E-02,4.96E-02,5.41E-02,5.51E-02,5.27E-02,4.70E-02,3.86E-02,2.80E-02,1.59E-02,3.13E-03,-9.48E-03,-2.12E-02,-3.13E-02,-3.91E-02,-4.44E-02,-4.67E-02,-4.61E-02,-4.26E-02,-3.66E-02,-2.85E-02,-1.88E-02,-8.16E-03,2.67E-03,1.30E-02,2.23E-02,3.00E-02,3.56E-02,3.88E-02,3.95E-02,3.78E-02,3.37E-02,2.77E-02,2.01E-02,1.14E-02,2.31E-03,-6.73E-03,-1.51E-02,-2.23E-02,-2.80E-02,-3.17E-02,-3.34E-02,-3.30E-02,-3.05E-02,-2.62E-02,-2.03E-02,-1.34E-02,-5.80E-03,1.95E-03,9.39E-03,1.60E-02,2.15E-02,2.55E-02,2.78E-02,,,,,,,,,,,,,,,,,,,,,,,,,,,,,,,,,,,,,,,,,,,,,,,,,,,,,,,,,,,,,,,,,,,,,,,,,,,,,,,,,,,,,,,,,,,,,,,,,,,,,,,,,,,,,,,,,,,,,,,,,,,,,,,,,,,,,,,,,,,,,,,,,,,,,,,,,,,,,,,,,,,,,,,,,,,,,,,,,,,,,,,,,,,,,,,,,,,,,,,,,,,,,,,,,,,,,,,,,,,,,,,,,,,,,,,,,,,,,,,,,,,,,,,,,,,,,,,,,,,,,,,,,,,,,,,,,,,,,,,,,,,,,,,,,,,,,,,,,,,,,,,,,,,,,,,,,,,,,,,,,,,,,,,,,,,,,,,,,,,,,,,,,,,,,,,,,,,,,,,,,,,,,,,,,,,,,,,,,,,,,,,,,,,,,,,,,,,,,,,,,,,,,,,,,,,,,,,,,,,,,,,,,,,,,,,,,,,,,,,,,,,,,,,,,,,,,,,,,,,,,,,,,,,,,,,,,,,,,,,,,,,,,,,,,,,,,,,,,,,,,,,,,,,,,,,,,,,,,,,,,,,,,,,,,,,,,,,,,,,,,,,,,,,,,,,,,,,,,,,,,,,,,,,,,,,,,,,,,,,,,,,,,,,,,,,,,,,,,,,,,,,,,,,,,,,,,,,,,,,,,,,,,,,,,,,,,,,,,,,,,,,,,,,,,,,,,,,,,,,,,,,,,,,,,,,,,,,,,,,,,,,,,,,,,,,,,,,,,,,,,,,,,,,,,,,,,,,,,,,,,,,,,,,,,,,,,,,
24,5,15,6.67567882,7.86E-02,7.51E-02,6.71E-02,5.51E-02,4.00E-02,2.28E-02,4.69E-03,-1.32E-02,-2.99E-02,-4.42E-02,-5.54E-02,-6.28E-02,-6.62E-02,-6.53E-02,-6.04E-02,-5.18E-02,-4.03E-02,-2.65E-02,-1.15E-02,3.86E-03,1.86E-02,3.18E-02,4.26E-02,5.06E-02,5.51E-02,5.62E-02,5.37E-02,4.79E-02,3.93E-02,2.85E-02,1.62E-02,3.22E-03,-9.62E-03,-2.15E-02,-3.18E-02,-3.98E-02,-4.51E-02,-4.75E-02,-4.69E-02,-4.34E-02,-3.73E-02,-2.90E-02,-1.91E-02,-8.34E-03,2.68E-03,1.32E-02,2.27E-02,3.05E-02,3.62E-02,3.94E-02,4.02E-02,3.84E-02,3.43E-02,2.81E-02,2.04E-02,1.16E-02,2.29E-03,-6.91E-03,-1.54E-02,-2.28E-02,-2.85E-02,-3.23E-02,-3.41E-02,-3.36E-02,-3.11E-02,-2.67E-02,-2.07E-02,-1.37E-02,-5.95E-03,1.95E-03,9.52E-03,1.63E-02,2.19E-02,2.59E-02,2.83E-02,2.88E-02,2.76E-02,2.46E-02,2.02E-02,1.47E-02,8.34E-03,1.68E-03,-4.91E-03,-1.10E-02,-1.63E-02,-2.04E-02,-2.31E-02,-2.44E-02,-2.40E-02,-2.22E-02,-1.91E-02,-1.48E-02,-9.77E-03,-4.23E-03,1.42E-03,6.84E-03,1.17E-02,1.57E-02,1.86E-02,2.03E-02,,,,,,,,,,,,,,,,,,,,,,,,,,,,,,,,,,,,,,,,,,,,,,,,,,,,,,,,,,,,,,,,,,,,,,,,,,,,,,,,,,,,,,,,,,,,,,,,,,,,,,,,,,,,,,,,,,,,,,,,,,,,,,,,,,,,,,,,,,,,,,,,,,,,,,,,,,,,,,,,,,,,,,,,,,,,,,,,,,,,,,,,,,,,,,,,,,,,,,,,,,,,,,,,,,,,,,,,,,,,,,,,,,,,,,,,,,,,,,,,,,,,,,,,,,,,,,,,,,,,,,,,,,,,,,,,,,,,,,,,,,,,,,,,,,,,,,,,,,,,,,,,,,,,,,,,,,,,,,,,,,,,,,,,,,,,,,,,,,,,,,,,,,,,,,,,,,,,,,,,,,,,,,,,,,,,,,,,,,,,,,,,,,,,,,,,,,,,,,,,,,,,,,,,,,,,,,,,,,,,,,,,,,,,,,,,,,,,,,,,,,,,,,,,,,,,,,,,,,,,,,,,,,,,,,,,,,,,,,,,,,,,,,,,,,,,,,,,,,,,,,,,,,,,,,,,,,,,,,,,,,,,,,,,,,,,,,,,,,,,,,,,,,,,,,,,,,,,,,,,,,,,,,,,,,,,,,,,,,,,,,,,,,,,,,,,,,,,,,,,,,,,,,,,,,,,,,,,,,,,,,,,,,,,,,,,,,,,,,,,,,,,,,,,,,,,,,,,,,,,,,,,,,,,,,,,,,,,,,,,,,,,,,,,,,,,,,,,,,,,,,,,,,,,,,,,,,,,,,,,,,,,,,,,,,,,,,,
25,7,1,6.26063991,4.08E-02,3.97E-02,3.80E-02,3.57E-02,3.30E-02,2.99E-02,2.64E-02,2.26E-02,1.86E-02,1.45E-02,1.03E-02,6.14E-03,2.02E-03,-1.98E-03,-5.78E-03,-9.34E-03,-1.26E-02,-1.56E-02,-1.81E-02,-2.03E-02,-2.21E-02,-2.35E-02,-2.44E-02,-2.49E-02,-2.50E-02,-2.47E-02,-2.41E-02,-2.30E-02,-2.17E-02,-2.00E-02,-1.81E-02,-1.60E-02,-1.37E-02,-1.13E-02,-8.80E-03,-6.26E-03,-3.72E-03,-1.22E-03,1.20E-03,3.50E-03,5.66E-03,7.65E-03,9.44E-03,1.10E-02,1.23E-02,1.34E-02,1.42E-02,1.48E-02,1.51E-02,1.52E-02,1.50E-02,1.46E-02,1.40E-02,1.31E-02,1.21E-02,1.10E-02,9.70E-03,8.32E-03,6.85E-03,5.34E-03,3.80E-03,2.26E-03,7.41E-04,-7.27E-04,-2.13E-03,-3.44E-03,-4.64E-03,-5.72E-03,-6.67E-03,-7.48E-03,-8.14E-03,-8.64E-03,-8.99E-03,-9.18E-03,-9.21E-03,-9.10E-03,-8.85E-03,-8.47E-03,-7.97E-03,-7.36E-03,-6.66E-03,-5.89E-03,-5.04E-03,-4.16E-03,-3.24E-03,-2.30E-03,-1.37E-03,-4.50E-04,4.41E-04,1.29E-03,2.08E-03,2.81E-03,3.47E-03,4.05E-03,4.54E-03,4.94E-03,5.24E-03,5.45E-03,5.57E-03,5.59E-03,,,,,,,,,,,,,,,,,,,,,,,,,,,,,,,,,,,,,,,,,,,,,,,,,,,,,,,,,,,,,,,,,,,,,,,,,,,,,,,,,,,,,,,,,,,,,,,,,,,,,,,,,,,,,,,,,,,,,,,,,,,,,,,,,,,,,,,,,,,,,,,,,,,,,,,,,,,,,,,,,,,,,,,,,,,,,,,,,,,,,,,,,,,,,,,,,,,,,,,,,,,,,,,,,,,,,,,,,,,,,,,,,,,,,,,,,,,,,,,,,,,,,,,,,,,,,,,,,,,,,,,,,,,,,,,,,,,,,,,,,,,,,,,,,,,,,,,,,,,,,,,,,,,,,,,,,,,,,,,,,,,,,,,,,,,,,,,,,,,,,,,,,,,,,,,,,,,,,,,,,,,,,,,,,,,,,,,,,,,,,,,,,,,,,,,,,,,,,,,,,,,,,,,,,,,,,,,,,,,,,,,,,,,,,,,,,,,,,,,,,,,,,,,,,,,,,,,,,,,,,,,,,,,,,,,,,,,,,,,,,,,,,,,,,,,,,,,,,,,,,,,,,,,,,,,,,,,,,,,,,,,,,,,,,,,,,,,,,,,,,,,,,,,,,,,,,,,,,,,,,,,,,,,,,,,,,,,,,,,,,,,,,,,,,,,,,,,,,,,,,,,,,,,,,,,,,,,,,,,,,,,,,,,,,,,,,,,,,,,,,,,,,,,,,,,,,,,,,,,,,,,,,,,,,,,,,,,,,,,,,,,,,,,,,,,,,,,,,,,,,,,,,,,,,,,,,,,,,,,,,,,,,,,,,,,,,,,
26,7,3,5.87279596,5.92E-02,5.76E-02,5.51E-02,5.18E-02,4.79E-02,4.33E-02,3.83E-02,3.28E-02,2.70E-02,2.10E-02,1.50E-02,8.90E-03,2.92E-03,-2.87E-03,-8.38E-03,-1.36E-02,-1.83E-02,-2.26E-02,-2.63E-02,-2.95E-02,-3.21E-02,-3.41E-02,-3.54E-02,-3.62E-02,-3.63E-02,-3.59E-02,-3.49E-02,-3.34E-02,-3.14E-02,-2.90E-02,-2.63E-02,-2.32E-02,-1.99E-02,-1.64E-02,-1.28E-02,-9.08E-03,-5.40E-03,-1.77E-03,1.74E-03,5.08E-03,8.22E-03,1.11E-02,1.37E-02,1.60E-02,1.79E-02,1.95E-02,2.07E-02,2.15E-02,2.20E-02,2.20E-02,2.18E-02,2.12E-02,2.03E-02,1.91E-02,1.76E-02,1.59E-02,1.41E-02,1.21E-02,9.94E-03,7.74E-03,5.51E-03,3.27E-03,1.07E-03,-1.05E-03,-3.08E-03,-4.99E-03,-6.73E-03,-8.30E-03,-9.68E-03,-1.09E-02,-1.18E-02,-1.25E-02,-1.30E-02,-1.33E-02,-1.34E-02,-1.32E-02,-1.28E-02,-1.23E-02,-1.16E-02,-1.07E-02,-9.67E-03,-8.54E-03,-7.32E-03,-6.03E-03,-4.70E-03,-3.34E-03,-1.99E-03,-6.53E-04,6.39E-04,1.87E-03,3.02E-03,4.08E-03,5.04E-03,5.87E-03,6.58E-03,7.16E-03,7.60E-03,7.91E-03,8.08E-03,8.11E-03,,,,,,,,,,,,,,,,,,,,,,,,,,,,,,,,,,,,,,,,,,,,,,,,,,,,,,,,,,,,,,,,,,,,,,,,,,,,,,,,,,,,,,,,,,,,,,,,,,,,,,,,,,,,,,,,,,,,,,,,,,,,,,,,,,,,,,,,,,,,,,,,,,,,,,,,,,,,,,,,,,,,,,,,,,,,,,,,,,,,,,,,,,,,,,,,,,,,,,,,,,,,,,,,,,,,,,,,,,,,,,,,,,,,,,,,,,,,,,,,,,,,,,,,,,,,,,,,,,,,,,,,,,,,,,,,,,,,,,,,,,,,,,,,,,,,,,,,,,,,,,,,,,,,,,,,,,,,,,,,,,,,,,,,,,,,,,,,,,,,,,,,,,,,,,,,,,,,,,,,,,,,,,,,,,,,,,,,,,,,,,,,,,,,,,,,,,,,,,,,,,,,,,,,,,,,,,,,,,,,,,,,,,,,,,,,,,,,,,,,,,,,,,,,,,,,,,,,,,,,,,,,,,,,,,,,,,,,,,,,,,,,,,,,,,,,,,,,,,,,,,,,,,,,,,,,,,,,,,,,,,,,,,,,,,,,,,,,,,,,,,,,,,,,,,,,,,,,,,,,,,,,,,,,,,,,,,,,,,,,,,,,,,,,,,,,,,,,,,,,,,,,,,,,,,,,,,,,,,,,,,,,,,,,,,,,,,,,,,,,,,,,,,,,,,,,,,,,,,,,,,,,,,,,,,,,,,,,,,,,,,,,,,,,,,,,,,,,,,,,,,,,,,,,,,,,,,,,,,,,,,,,,,,,,,,,,,,
27,7,5,5.51917658,3.40E-02,3.30E-02,3.16E-02,2.97E-02,2.74E-02,2.48E-02,2.19E-02,1.88E-02,1.54E-02,1.20E-02,8.50E-03,5.02E-03,1.59E-03,-1.72E-03,-4.87E-03,-7.82E-03,-1.05E-02,-1.29E-02,-1.51E-02,-1.69E-02,-1.83E-02,-1.95E-02,-2.02E-02,-2.07E-02,-2.07E-02,-2.05E-02,-1.99E-02,-1.91E-02,-1.79E-02,-1.66E-02,-1.50E-02,-1.33E-02,-1.14E-02,-9.41E-03,-7.34E-03,-5.25E-03,-3.14E-03,-1.07E-03,9.39E-04,2.86E-03,4.66E-03,6.32E-03,7.81E-03,9.13E-03,1.02E-02,1.12E-02,1.19E-02,1.23E-02,1.26E-02,1.27E-02,1.25E-02,1.22E-02,1.16E-02,1.09E-02,1.01E-02,9.14E-03,8.06E-03,6.90E-03,5.67E-03,4.40E-03,3.12E-03,1.84E-03,5.75E-04,-6.43E-04,-1.80E-03,-2.88E-03,-3.88E-03,-4.77E-03,-5.55E-03,-6.21E-03,-6.75E-03,-7.16E-03,-7.44E-03,-7.59E-03,-7.62E-03,-7.52E-03,-7.32E-03,-7.00E-03,-6.59E-03,-6.10E-03,-5.52E-03,-4.88E-03,-4.19E-03,-3.46E-03,-2.71E-03,-1.94E-03,-1.16E-03,-4.02E-04,3.37E-04,1.04E-03,1.71E-03,2.32E-03,2.87E-03,3.36E-03,3.77E-03,4.11E-03,4.37E-03,4.54E-03,4.64E-03,4.66E-03,,,,,,,,,,,,,,,,,,,,,,,,,,,,,,,,,,,,,,,,,,,,,,,,,,,,,,,,,,,,,,,,,,,,,,,,,,,,,,,,,,,,,,,,,,,,,,,,,,,,,,,,,,,,,,,,,,,,,,,,,,,,,,,,,,,,,,,,,,,,,,,,,,,,,,,,,,,,,,,,,,,,,,,,,,,,,,,,,,,,,,,,,,,,,,,,,,,,,,,,,,,,,,,,,,,,,,,,,,,,,,,,,,,,,,,,,,,,,,,,,,,,,,,,,,,,,,,,,,,,,,,,,,,,,,,,,,,,,,,,,,,,,,,,,,,,,,,,,,,,,,,,,,,,,,,,,,,,,,,,,,,,,,,,,,,,,,,,,,,,,,,,,,,,,,,,,,,,,,,,,,,,,,,,,,,,,,,,,,,,,,,,,,,,,,,,,,,,,,,,,,,,,,,,,,,,,,,,,,,,,,,,,,,,,,,,,,,,,,,,,,,,,,,,,,,,,,,,,,,,,,,,,,,,,,,,,,,,,,,,,,,,,,,,,,,,,,,,,,,,,,,,,,,,,,,,,,,,,,,,,,,,,,,,,,,,,,,,,,,,,,,,,,,,,,,,,,,,,,,,,,,,,,,,,,,,,,,,,,,,,,,,,,,,,,,,,,,,,,,,,,,,,,,,,,,,,,,,,,,,,,,,,,,,,,,,,,,,,,,,,,,,,,,,,,,,,,,,,,,,,,,,,,,,,,,,,,,,,,,,,,,,,,,,,,,,,,,,,,,,,,,,,,,,,,,,,,,,,,,,,,,,,,,,,,,,,,,
28,7,7,5.20579717,1.01E-02,9.80E-03,9.23E-03,8.43E-03,7.46E-03,6.33E-03,5.12E-03,3.85E-03,2.59E-03,1.37E-03,2.39E-04,-7.78E-04,-1.66E-03,-2.38E-03,-2.94E-03,-3.34E-03,-3.60E-03,-3.73E-03,-3.75E-03,-3.68E-03,-3.56E-03,-3.41E-03,-3.25E-03,-3.11E-03,-2.98E-03,-2.90E-03,-2.85E-03,-2.83E-03,-2.85E-03,-2.87E-03,-2.90E-03,-2.90E-03,-2.88E-03,-2.79E-03,-2.64E-03,-2.42E-03,-2.11E-03,-1.71E-03,-1.24E-03,-6.98E-04,-1.04E-04,5.25E-04,1.17E-03,1.79E-03,2.38E-03,2.91E-03,3.36E-03,3.71E-03,3.95E-03,4.06E-03,4.05E-03,3.92E-03,3.67E-03,3.33E-03,2.90E-03,2.41E-03,1.88E-03,1.34E-03,7.99E-04,2.87E-04,-1.79E-04,-5.86E-04,-9.22E-04,-1.18E-03,-1.37E-03,-1.48E-03,-1.52E-03,-1.50E-03,-1.44E-03,-1.34E-03,-1.23E-03,-1.12E-03,-1.01E-03,-9.16E-04,-8.50E-04,-8.12E-04,-8.04E-04,-8.24E-04,-8.67E-04,-9.25E-04,-9.89E-04,-1.05E-03,-1.10E-03,-1.12E-03,-1.11E-03,-1.06E-03,-9.71E-04,-8.37E-04,-6.60E-04,-4.45E-04,-1.98E-04,7.06E-05,3.51E-04,6.31E-04,8.98E-04,1.14E-03,1.35E-03,1.51E-03,1.62E-03,1.68E-03,,,,,,,,,,,,,,,,,,,,,,,,,,,,,,,,,,,,,,,,,,,,,,,,,,,,,,,,,,,,,,,,,,,,,,,,,,,,,,,,,,,,,,,,,,,,,,,,,,,,,,,,,,,,,,,,,,,,,,,,,,,,,,,,,,,,,,,,,,,,,,,,,,,,,,,,,,,,,,,,,,,,,,,,,,,,,,,,,,,,,,,,,,,,,,,,,,,,,,,,,,,,,,,,,,,,,,,,,,,,,,,,,,,,,,,,,,,,,,,,,,,,,,,,,,,,,,,,,,,,,,,,,,,,,,,,,,,,,,,,,,,,,,,,,,,,,,,,,,,,,,,,,,,,,,,,,,,,,,,,,,,,,,,,,,,,,,,,,,,,,,,,,,,,,,,,,,,,,,,,,,,,,,,,,,,,,,,,,,,,,,,,,,,,,,,,,,,,,,,,,,,,,,,,,,,,,,,,,,,,,,,,,,,,,,,,,,,,,,,,,,,,,,,,,,,,,,,,,,,,,,,,,,,,,,,,,,,,,,,,,,,,,,,,,,,,,,,,,,,,,,,,,,,,,,,,,,,,,,,,,,,,,,,,,,,,,,,,,,,,,,,,,,,,,,,,,,,,,,,,,,,,,,,,,,,,,,,,,,,,,,,,,,,,,,,,,,,,,,,,,,,,,,,,,,,,,,,,,,,,,,,,,,,,,,,,,,,,,,,,,,,,,,,,,,,,,,,,,,,,,,,,,,,,,,,,,,,,,,,,,,,,,,,,,,,,,,,,,,,,,,,,,,,,,,,,,,,,,,,,,,,,,,,,,,,,,,,
29,7,9,4.93754712,2.86E-02,2.74E-02,2.45E-02,2.03E-02,1.50E-02,8.91E-03,2.51E-03,-3.83E-03,-9.73E-03,-1.48E-02,-1.88E-02,-2.15E-02,-2.28E-02,-2.26E-02,-2.09E-02,-1.80E-02,-1.41E-02,-9.36E-03,-4.17E-03,1.13E-03,6.22E-03,1.08E-02,1.45E-02,1.73E-02,1.88E-02,1.92E-02,1.83E-02,1.63E-02,1.33E-02,9.55E-03,5.28E-03,7.67E-04,-3.69E-03,-7.82E-03,-1.14E-02,-1.41E-02,-1.60E-02,-1.68E-02,-1.65E-02,-1.52E-02,-1.31E-02,-1.02E-02,-6.68E-03,-2.89E-03,9.74E-04,4.68E-03,7.99E-03,1.07E-02,1.27E-02,1.39E-02,1.41E-02,1.35E-02,1.21E-02,9.90E-03,7.19E-03,4.10E-03,8.37E-04,-2.39E-03,-5.39E-03,-7.97E-03,-9.99E-03,-1.13E-02,-1.20E-02,-1.18E-02,-1.09E-02,-9.43E-03,-7.37E-03,-4.92E-03,-2.23E-03,5.20E-04,3.16E-03,5.52E-03,7.47E-03,8.89E-03,9.72E-03,9.91E-03,9.48E-03,8.46E-03,6.93E-03,5.01E-03,2.82E-03,5.15E-04,-1.77E-03,-3.88E-03,-5.70E-03,-7.12E-03,-8.06E-03,-8.47E-03,-8.34E-03,-7.69E-03,-6.58E-03,-5.08E-03,-3.31E-03,-1.36E-03,6.20E-04,2.52E-03,4.22E-03,5.62E-03,6.64E-03,7.22E-03,,,,,,,,,,,,,,,,,,,,,,,,,,,,,,,,,,,,,,,,,,,,,,,,,,,,,,,,,,,,,,,,,,,,,,,,,,,,,,,,,,,,,,,,,,,,,,,,,,,,,,,,,,,,,,,,,,,,,,,,,,,,,,,,,,,,,,,,,,,,,,,,,,,,,,,,,,,,,,,,,,,,,,,,,,,,,,,,,,,,,,,,,,,,,,,,,,,,,,,,,,,,,,,,,,,,,,,,,,,,,,,,,,,,,,,,,,,,,,,,,,,,,,,,,,,,,,,,,,,,,,,,,,,,,,,,,,,,,,,,,,,,,,,,,,,,,,,,,,,,,,,,,,,,,,,,,,,,,,,,,,,,,,,,,,,,,,,,,,,,,,,,,,,,,,,,,,,,,,,,,,,,,,,,,,,,,,,,,,,,,,,,,,,,,,,,,,,,,,,,,,,,,,,,,,,,,,,,,,,,,,,,,,,,,,,,,,,,,,,,,,,,,,,,,,,,,,,,,,,,,,,,,,,,,,,,,,,,,,,,,,,,,,,,,,,,,,,,,,,,,,,,,,,,,,,,,,,,,,,,,,,,,,,,,,,,,,,,,,,,,,,,,,,,,,,,,,,,,,,,,,,,,,,,,,,,,,,,,,,,,,,,,,,,,,,,,,,,,,,,,,,,,,,,,,,,,,,,,,,,,,,,,,,,,,,,,,,,,,,,,,,,,,,,,,,,,,,,,,,,,,,,,,,,,,,,,,,,,,,,,,,,,,,,,,,,,,,,,,,,,,,,,,,,,,,,,,,,,,,,,,,,,,,,,,,,,,,
30,7,11,4.7181068,1.36E-01,1.30E-01,1.16E-01,9.59E-02,7.03E-02,4.11E-02,1.03E-02,-2.01E-02,-4.84E-02,-7.28E-02,-9.19E-02,-1.05E-01,-1.10E-01,-1.09E-01,-1.01E-01,-8.66E-02,-6.72E-02,-4.40E-02,-1.87E-02,7.21E-03,3.20E-02,5.42E-02,7.25E-02,8.58E-02,9.34E-02,9.51E-02,9.07E-02,8.09E-02,6.63E-02,4.79E-02,2.70E-02,4.95E-03,-1.69E-02,-3.71E-02,-5.45E-02,-6.81E-02,-7.72E-02,-8.13E-02,-8.02E-02,-7.43E-02,-6.39E-02,-4.99E-02,-3.33E-02,-1.50E-02,3.63E-03,2.15E-02,3.75E-02,5.07E-02,6.03E-02,6.59E-02,6.72E-02,6.42E-02,5.72E-02,4.69E-02,3.38E-02,1.89E-02,3.20E-03,-1.23E-02,-2.67E-02,-3.91E-02,-4.88E-02,-5.52E-02,-5.81E-02,-5.73E-02,-5.30E-02,-4.55E-02,-3.54E-02,-2.34E-02,-1.03E-02,3.10E-03,1.59E-02,2.74E-02,3.69E-02,4.39E-02,4.79E-02,4.88E-02,4.67E-02,4.17E-02,3.43E-02,2.49E-02,1.42E-02,2.99E-03,-8.15E-03,-1.85E-02,-2.74E-02,-3.43E-02,-3.90E-02,-4.10E-02,-4.05E-02,-3.74E-02,-3.21E-02,-2.49E-02,-1.63E-02,-6.90E-03,2.67E-03,1.18E-02,2.01E-02,2.68E-02,3.18E-02,3.46E-02,,,,,,,,,,,,,,,,,,,,,,,,,,,,,,,,,,,,,,,,,,,,,,,,,,,,,,,,,,,,,,,,,,,,,,,,,,,,,,,,,,,,,,,,,,,,,,,,,,,,,,,,,,,,,,,,,,,,,,,,,,,,,,,,,,,,,,,,,,,,,,,,,,,,,,,,,,,,,,,,,,,,,,,,,,,,,,,,,,,,,,,,,,,,,,,,,,,,,,,,,,,,,,,,,,,,,,,,,,,,,,,,,,,,,,,,,,,,,,,,,,,,,,,,,,,,,,,,,,,,,,,,,,,,,,,,,,,,,,,,,,,,,,,,,,,,,,,,,,,,,,,,,,,,,,,,,,,,,,,,,,,,,,,,,,,,,,,,,,,,,,,,,,,,,,,,,,,,,,,,,,,,,,,,,,,,,,,,,,,,,,,,,,,,,,,,,,,,,,,,,,,,,,,,,,,,,,,,,,,,,,,,,,,,,,,,,,,,,,,,,,,,,,,,,,,,,,,,,,,,,,,,,,,,,,,,,,,,,,,,,,,,,,,,,,,,,,,,,,,,,,,,,,,,,,,,,,,,,,,,,,,,,,,,,,,,,,,,,,,,,,,,,,,,,,,,,,,,,,,,,,,,,,,,,,,,,,,,,,,,,,,,,,,,,,,,,,,,,,,,,,,,,,,,,,,,,,,,,,,,,,,,,,,,,,,,,,,,,,,,,,,,,,,,,,,,,,,,,,,,,,,,,,,,,,,,,,,,,,,,,,,,,,,,,,,,,,,,,,,,,,,,,,,,,,,,,,,,,,,,,,,,,,,,,,,,,,,
31,7,13,4.54989345,2.84E-01,2.71E-01,2.43E-01,2.00E-01,1.46E-01,8.55E-02,2.12E-02,-4.24E-02,-1.01E-01,-1.52E-01,-1.92E-01,-2.19E-01,-2.31E-01,-2.28E-01,-2.11E-01,-1.81E-01,-1.40E-01,-9.21E-02,-3.91E-02,1.50E-02,6.68E-02,1.13E-01,1.51E-01,1.79E-01,1.95E-01,1.99E-01,1.90E-01,1.69E-01,1.39E-01,1.00E-01,5.65E-02,1.04E-02,-3.51E-02,-7.74E-02,-1.14E-01,-1.42E-01,-1.61E-01,-1.70E-01,-1.68E-01,-1.55E-01,-1.33E-01,-1.04E-01,-6.94E-02,-3.13E-02,7.69E-03,4.50E-02,7.85E-02,1.06E-01,1.26E-01,1.38E-01,1.40E-01,1.34E-01,1.20E-01,9.80E-02,7.07E-02,3.96E-02,6.77E-03,-2.57E-02,-5.58E-02,-8.17E-02,-1.02E-01,-1.15E-01,-1.21E-01,-1.20E-01,-1.11E-01,-9.50E-02,-7.40E-02,-4.89E-02,-2.15E-02,6.51E-03,3.33E-02,5.74E-02,7.72E-02,9.17E-02,1.00E-01,1.02E-01,9.75E-02,8.71E-02,7.16E-02,5.20E-02,2.98E-02,6.22E-03,-1.71E-02,-3.86E-02,-5.72E-02,-7.18E-02,-8.14E-02,-8.57E-02,-8.46E-02,-7.81E-02,-6.70E-02,-5.20E-02,-3.40E-02,-1.45E-02,5.54E-03,2.47E-02,4.19E-02,5.60E-02,6.63E-02,7.23E-02,,,,,,,,,,,,,,,,,,,,,,,,,,,,,,,,,,,,,,,,,,,,,,,,,,,,,,,,,,,,,,,,,,,,,,,,,,,,,,,,,,,,,,,,,,,,,,,,,,,,,,,,,,,,,,,,,,,,,,,,,,,,,,,,,,,,,,,,,,,,,,,,,,,,,,,,,,,,,,,,,,,,,,,,,,,,,,,,,,,,,,,,,,,,,,,,,,,,,,,,,,,,,,,,,,,,,,,,,,,,,,,,,,,,,,,,,,,,,,,,,,,,,,,,,,,,,,,,,,,,,,,,,,,,,,,,,,,,,,,,,,,,,,,,,,,,,,,,,,,,,,,,,,,,,,,,,,,,,,,,,,,,,,,,,,,,,,,,,,,,,,,,,,,,,,,,,,,,,,,,,,,,,,,,,,,,,,,,,,,,,,,,,,,,,,,,,,,,,,,,,,,,,,,,,,,,,,,,,,,,,,,,,,,,,,,,,,,,,,,,,,,,,,,,,,,,,,,,,,,,,,,,,,,,,,,,,,,,,,,,,,,,,,,,,,,,,,,,,,,,,,,,,,,,,,,,,,,,,,,,,,,,,,,,,,,,,,,,,,,,,,,,,,,,,,,,,,,,,,,,,,,,,,,,,,,,,,,,,,,,,,,,,,,,,,,,,,,,,,,,,,,,,,,,,,,,,,,,,,,,,,,,,,,,,,,,,,,,,,,,,,,,,,,,,,,,,,,,,,,,,,,,,,,,,,,,,,,,,,,,,,,,,,,,,,,,,,,,,,,,,,,,,,,,,,,,,,,,,,,,,,,,,,,,,,,,,,,
32,7,15,4.43403522,2.54E-01,2.43E-01,2.17E-01,1.79E-01,1.31E-01,7.60E-02,1.81E-02,-3.91E-02,-9.22E-02,-1.38E-01,-1.74E-01,-1.98E-01,-2.08E-01,-2.06E-01,-1.90E-01,-1.63E-01,-1.27E-01,-8.32E-02,-3.55E-02,1.32E-02,5.99E-02,1.02E-01,1.36E-01,1.61E-01,1.76E-01,1.79E-01,1.71E-01,1.52E-01,1.25E-01,9.03E-02,5.10E-02,9.58E-03,-3.14E-02,-6.94E-02,-1.02E-01,-1.28E-01,-1.45E-01,-1.52E-01,-1.50E-01,-1.39E-01,-1.20E-01,-9.35E-02,-6.21E-02,-2.78E-02,7.29E-03,4.09E-02,7.10E-02,9.58E-02,1.14E-01,1.24E-01,1.27E-01,1.21E-01,1.08E-01,8.85E-02,6.39E-02,3.59E-02,6.37E-03,-2.29E-02,-5.00E-02,-7.33E-02,-9.15E-02,-1.04E-01,-1.09E-01,-1.08E-01,-9.94E-02,-8.54E-02,-6.64E-02,-4.39E-02,-1.92E-02,5.94E-03,3.01E-02,5.17E-02,6.95E-02,8.25E-02,9.01E-02,9.18E-02,8.78E-02,7.84E-02,6.44E-02,4.68E-02,2.67E-02,5.54E-03,-1.54E-02,-3.49E-02,-5.16E-02,-6.47E-02,-7.34E-02,-7.72E-02,-7.62E-02,-7.04E-02,-6.04E-02,-4.69E-02,-3.08E-02,-1.31E-02,4.88E-03,2.21E-02,3.76E-02,5.03E-02,5.96E-02,6.49E-02,,,,,,,,,,,,,,,,,,,,,,,,,,,,,,,,,,,,,,,,,,,,,,,,,,,,,,,,,,,,,,,,,,,,,,,,,,,,,,,,,,,,,,,,,,,,,,,,,,,,,,,,,,,,,,,,,,,,,,,,,,,,,,,,,,,,,,,,,,,,,,,,,,,,,,,,,,,,,,,,,,,,,,,,,,,,,,,,,,,,,,,,,,,,,,,,,,,,,,,,,,,,,,,,,,,,,,,,,,,,,,,,,,,,,,,,,,,,,,,,,,,,,,,,,,,,,,,,,,,,,,,,,,,,,,,,,,,,,,,,,,,,,,,,,,,,,,,,,,,,,,,,,,,,,,,,,,,,,,,,,,,,,,,,,,,,,,,,,,,,,,,,,,,,,,,,,,,,,,,,,,,,,,,,,,,,,,,,,,,,,,,,,,,,,,,,,,,,,,,,,,,,,,,,,,,,,,,,,,,,,,,,,,,,,,,,,,,,,,,,,,,,,,,,,,,,,,,,,,,,,,,,,,,,,,,,,,,,,,,,,,,,,,,,,,,,,,,,,,,,,,,,,,,,,,,,,,,,,,,,,,,,,,,,,,,,,,,,,,,,,,,,,,,,,,,,,,,,,,,,,,,,,,,,,,,,,,,,,,,,,,,,,,,,,,,,,,,,,,,,,,,,,,,,,,,,,,,,,,,,,,,,,,,,,,,,,,,,,,,,,,,,,,,,,,,,,,,,,,,,,,,,,,,,,,,,,,,,,,,,,,,,,,,,,,,,,,,,,,,,,,,,,,,,,,,,,,,,,,,,,,,,,,,,,,,,,,,
33,9,1,4.37037267,4.58E-03,4.46E-03,4.27E-03,4.01E-03,3.71E-03,3.36E-03,2.96E-03,2.54E-03,2.09E-03,1.63E-03,1.16E-03,6.89E-04,2.26E-04,-2.22E-04,-6.49E-04,-1.05E-03,-1.42E-03,-1.75E-03,-2.04E-03,-2.29E-03,-2.49E-03,-2.64E-03,-2.75E-03,-2.80E-03,-2.81E-03,-2.78E-03,-2.70E-03,-2.59E-03,-2.43E-03,-2.25E-03,-2.04E-03,-1.80E-03,-1.54E-03,-1.27E-03,-9.89E-04,-7.03E-04,-4.18E-04,-1.37E-04,1.35E-04,3.94E-04,6.37E-04,8.60E-04,1.06E-03,1.24E-03,1.39E-03,1.51E-03,1.60E-03,1.66E-03,1.70E-03,1.71E-03,1.69E-03,1.64E-03,1.57E-03,1.48E-03,1.36E-03,1.23E-03,1.09E-03,9.35E-04,7.70E-04,6.00E-04,4.27E-04,2.54E-04,8.33E-05,-8.16E-05,-2.39E-04,-3.86E-04,-5.21E-04,-6.43E-04,-7.50E-04,-8.41E-04,-9.15E-04,-9.71E-04,-1.01E-03,-1.03E-03,-1.04E-03,-1.02E-03,-9.95E-04,-9.52E-04,-8.96E-04,-8.27E-04,-7.49E-04,-6.61E-04,-5.67E-04,-4.67E-04,-3.64E-04,-2.59E-04,-1.54E-04,-5.05E-05,4.95E-05,1.45E-04,2.34E-04,3.16E-04,3.90E-04,4.55E-04,5.10E-04,5.55E-04,5.89E-04,6.13E-04,6.25E-04,6.28E-04,,,,,,,,,,,,,,,,,,,,,,,,,,,,,,,,,,,,,,,,,,,,,,,,,,,,,,,,,,,,,,,,,,,,,,,,,,,,,,,,,,,,,,,,,,,,,,,,,,,,,,,,,,,,,,,,,,,,,,,,,,,,,,,,,,,,,,,,,,,,,,,,,,,,,,,,,,,,,,,,,,,,,,,,,,,,,,,,,,,,,,,,,,,,,,,,,,,,,,,,,,,,,,,,,,,,,,,,,,,,,,,,,,,,,,,,,,,,,,,,,,,,,,,,,,,,,,,,,,,,,,,,,,,,,,,,,,,,,,,,,,,,,,,,,,,,,,,,,,,,,,,,,,,,,,,,,,,,,,,,,,,,,,,,,,,,,,,,,,,,,,,,,,,,,,,,,,,,,,,,,,,,,,,,,,,,,,,,,,,,,,,,,,,,,,,,,,,,,,,,,,,,,,,,,,,,,,,,,,,,,,,,,,,,,,,,,,,,,,,,,,,,,,,,,,,,,,,,,,,,,,,,,,,,,,,,,,,,,,,,,,,,,,,,,,,,,,,,,,,,,,,,,,,,,,,,,,,,,,,,,,,,,,,,,,,,,,,,,,,,,,,,,,,,,,,,,,,,,,,,,,,,,,,,,,,,,,,,,,,,,,,,,,,,,,,,,,,,,,,,,,,,,,,,,,,,,,,,,,,,,,,,,,,,,,,,,,,,,,,,,,,,,,,,,,,,,,,,,,,,,,,,,,,,,,,,,,,,,,,,,,,,,,,,,,,,,,,,,,,,,,,,,,,,,,,,,,,,,,,,,,,,,,,,,,,,,,,
34,9,3,4.35748672,8.01E-03,7.79E-03,7.46E-03,7.01E-03,6.48E-03,5.86E-03,5.18E-03,4.44E-03,3.66E-03,2.85E-03,2.03E-03,1.20E-03,3.95E-04,-3.88E-04,-1.13E-03,-1.83E-03,-2.48E-03,-3.06E-03,-3.56E-03,-3.99E-03,-4.34E-03,-4.61E-03,-4.80E-03,-4.90E-03,-4.92E-03,-4.86E-03,-4.72E-03,-4.52E-03,-4.25E-03,-3.93E-03,-3.56E-03,-3.14E-03,-2.69E-03,-2.22E-03,-1.73E-03,-1.23E-03,-7.31E-04,-2.40E-04,2.35E-04,6.88E-04,1.11E-03,1.50E-03,1.85E-03,2.16E-03,2.42E-03,2.63E-03,2.80E-03,2.91E-03,2.97E-03,2.98E-03,2.95E-03,2.87E-03,2.74E-03,2.58E-03,2.38E-03,2.16E-03,1.91E-03,1.63E-03,1.35E-03,1.05E-03,7.45E-04,4.43E-04,1.45E-04,-1.43E-04,-4.18E-04,-6.75E-04,-9.11E-04,-1.12E-03,-1.31E-03,-1.47E-03,-1.60E-03,-1.70E-03,-1.76E-03,-1.80E-03,-1.81E-03,-1.79E-03,-1.74E-03,-1.66E-03,-1.56E-03,-1.45E-03,-1.31E-03,-1.16E-03,-9.91E-04,-8.16E-04,-6.36E-04,-4.52E-04,-2.69E-04,-8.84E-05,8.64E-05,2.53E-04,4.09E-04,5.53E-04,6.82E-04,7.95E-04,8.91E-04,9.69E-04,1.03E-03,1.07E-03,1.09E-03,1.10E-03,,,,,,,,,,,,,,,,,,,,,,,,,,,,,,,,,,,,,,,,,,,,,,,,,,,,,,,,,,,,,,,,,,,,,,,,,,,,,,,,,,,,,,,,,,,,,,,,,,,,,,,,,,,,,,,,,,,,,,,,,,,,,,,,,,,,,,,,,,,,,,,,,,,,,,,,,,,,,,,,,,,,,,,,,,,,,,,,,,,,,,,,,,,,,,,,,,,,,,,,,,,,,,,,,,,,,,,,,,,,,,,,,,,,,,,,,,,,,,,,,,,,,,,,,,,,,,,,,,,,,,,,,,,,,,,,,,,,,,,,,,,,,,,,,,,,,,,,,,,,,,,,,,,,,,,,,,,,,,,,,,,,,,,,,,,,,,,,,,,,,,,,,,,,,,,,,,,,,,,,,,,,,,,,,,,,,,,,,,,,,,,,,,,,,,,,,,,,,,,,,,,,,,,,,,,,,,,,,,,,,,,,,,,,,,,,,,,,,,,,,,,,,,,,,,,,,,,,,,,,,,,,,,,,,,,,,,,,,,,,,,,,,,,,,,,,,,,,,,,,,,,,,,,,,,,,,,,,,,,,,,,,,,,,,,,,,,,,,,,,,,,,,,,,,,,,,,,,,,,,,,,,,,,,,,,,,,,,,,,,,,,,,,,,,,,,,,,,,,,,,,,,,,,,,,,,,,,,,,,,,,,,,,,,,,,,,,,,,,,,,,,,,,,,,,,,,,,,,,,,,,,,,,,,,,,,,,,,,,,,,,,,,,,,,,,,,,,,,,,,,,,,,,,,,,,,,,,,,,,,,,,,,,,,,,,,,,,
35,9,5,4.39275205,5.56E-03,5.41E-03,5.17E-03,4.87E-03,4.49E-03,4.06E-03,3.58E-03,3.06E-03,2.51E-03,1.95E-03,1.37E-03,8.05E-04,2.45E-04,-2.95E-04,-8.07E-04,-1.29E-03,-1.72E-03,-2.12E-03,-2.46E-03,-2.75E-03,-2.98E-03,-3.16E-03,-3.29E-03,-3.35E-03,-3.36E-03,-3.32E-03,-3.23E-03,-3.09E-03,-2.91E-03,-2.70E-03,-2.44E-03,-2.16E-03,-1.86E-03,-1.54E-03,-1.21E-03,-8.67E-04,-5.26E-04,-1.89E-04,1.39E-04,4.53E-04,7.48E-04,1.02E-03,1.27E-03,1.48E-03,1.67E-03,1.82E-03,1.94E-03,2.02E-03,2.06E-03,2.07E-03,2.05E-03,1.99E-03,1.90E-03,1.79E-03,1.65E-03,1.49E-03,1.31E-03,1.12E-03,9.19E-04,7.11E-04,5.00E-04,2.90E-04,8.38E-05,-1.15E-04,-3.03E-04,-4.78E-04,-6.38E-04,-7.81E-04,-9.07E-04,-1.01E-03,-1.10E-03,-1.16E-03,-1.21E-03,-1.23E-03,-1.23E-03,-1.22E-03,-1.19E-03,-1.14E-03,-1.07E-03,-9.90E-04,-8.98E-04,-7.96E-04,-6.85E-04,-5.67E-04,-4.45E-04,-3.21E-04,-1.96E-04,-7.16E-05,4.90E-05,1.65E-04,2.74E-04,3.75E-04,4.66E-04,5.46E-04,6.15E-04,6.72E-04,7.15E-04,7.45E-04,7.62E-04,7.66E-04,,,,,,,,,,,,,,,,,,,,,,,,,,,,,,,,,,,,,,,,,,,,,,,,,,,,,,,,,,,,,,,,,,,,,,,,,,,,,,,,,,,,,,,,,,,,,,,,,,,,,,,,,,,,,,,,,,,,,,,,,,,,,,,,,,,,,,,,,,,,,,,,,,,,,,,,,,,,,,,,,,,,,,,,,,,,,,,,,,,,,,,,,,,,,,,,,,,,,,,,,,,,,,,,,,,,,,,,,,,,,,,,,,,,,,,,,,,,,,,,,,,,,,,,,,,,,,,,,,,,,,,,,,,,,,,,,,,,,,,,,,,,,,,,,,,,,,,,,,,,,,,,,,,,,,,,,,,,,,,,,,,,,,,,,,,,,,,,,,,,,,,,,,,,,,,,,,,,,,,,,,,,,,,,,,,,,,,,,,,,,,,,,,,,,,,,,,,,,,,,,,,,,,,,,,,,,,,,,,,,,,,,,,,,,,,,,,,,,,,,,,,,,,,,,,,,,,,,,,,,,,,,,,,,,,,,,,,,,,,,,,,,,,,,,,,,,,,,,,,,,,,,,,,,,,,,,,,,,,,,,,,,,,,,,,,,,,,,,,,,,,,,,,,,,,,,,,,,,,,,,,,,,,,,,,,,,,,,,,,,,,,,,,,,,,,,,,,,,,,,,,,,,,,,,,,,,,,,,,,,,,,,,,,,,,,,,,,,,,,,,,,,,,,,,,,,,,,,,,,,,,,,,,,,,,,,,,,,,,,,,,,,,,,,,,,,,,,,,,,,,,,,,,,,,,,,,,,,,,,,,,,,,,,,,,,,,,,
36,9,7,4.47241488,2.92E-03,2.82E-03,2.63E-03,2.37E-03,2.03E-03,1.65E-03,1.25E-03,8.31E-04,4.27E-04,5.14E-05,-2.80E-04,-5.56E-04,-7.69E-04,-9.15E-04,-9.93E-04,-1.01E-03,-9.70E-04,-8.86E-04,-7.69E-04,-6.32E-04,-4.90E-04,-3.55E-04,-2.39E-04,-1.50E-04,-9.46E-05,-7.72E-05,-9.75E-05,-1.53E-04,-2.38E-04,-3.45E-04,-4.64E-04,-5.84E-04,-6.97E-04,-7.90E-04,-8.54E-04,-8.84E-04,-8.73E-04,-8.20E-04,-7.24E-04,-5.89E-04,-4.21E-04,-2.26E-04,-1.52E-05,2.02E-04,4.14E-04,6.11E-04,7.82E-04,9.20E-04,1.02E-03,1.07E-03,1.08E-03,1.04E-03,9.53E-04,8.34E-04,6.85E-04,5.14E-04,3.32E-04,1.48E-04,-2.97E-05,-1.91E-04,-3.30E-04,-4.40E-04,-5.18E-04,-5.62E-04,-5.72E-04,-5.52E-04,-5.05E-04,-4.37E-04,-3.54E-04,-2.63E-04,-1.72E-04,-8.71E-05,-1.41E-05,4.22E-05,7.84E-05,9.29E-05,8.56E-05,5.81E-05,1.33E-05,-4.47E-05,-1.11E-04,-1.79E-04,-2.44E-04,-3.01E-04,-3.44E-04,-3.69E-04,-3.75E-04,-3.58E-04,-3.20E-04,-2.61E-04,-1.85E-04,-9.42E-05,5.34E-06,1.09E-04,2.11E-04,3.06E-04,3.89E-04,4.56E-04,5.03E-04,5.28E-04,,,,,,,,,,,,,,,,,,,,,,,,,,,,,,,,,,,,,,,,,,,,,,,,,,,,,,,,,,,,,,,,,,,,,,,,,,,,,,,,,,,,,,,,,,,,,,,,,,,,,,,,,,,,,,,,,,,,,,,,,,,,,,,,,,,,,,,,,,,,,,,,,,,,,,,,,,,,,,,,,,,,,,,,,,,,,,,,,,,,,,,,,,,,,,,,,,,,,,,,,,,,,,,,,,,,,,,,,,,,,,,,,,,,,,,,,,,,,,,,,,,,,,,,,,,,,,,,,,,,,,,,,,,,,,,,,,,,,,,,,,,,,,,,,,,,,,,,,,,,,,,,,,,,,,,,,,,,,,,,,,,,,,,,,,,,,,,,,,,,,,,,,,,,,,,,,,,,,,,,,,,,,,,,,,,,,,,,,,,,,,,,,,,,,,,,,,,,,,,,,,,,,,,,,,,,,,,,,,,,,,,,,,,,,,,,,,,,,,,,,,,,,,,,,,,,,,,,,,,,,,,,,,,,,,,,,,,,,,,,,,,,,,,,,,,,,,,,,,,,,,,,,,,,,,,,,,,,,,,,,,,,,,,,,,,,,,,,,,,,,,,,,,,,,,,,,,,,,,,,,,,,,,,,,,,,,,,,,,,,,,,,,,,,,,,,,,,,,,,,,,,,,,,,,,,,,,,,,,,,,,,,,,,,,,,,,,,,,,,,,,,,,,,,,,,,,,,,,,,,,,,,,,,,,,,,,,,,,,,,,,,,,,,,,,,,,,,,,,,,,,,,,,,,,,,,,,,,,,,,,,,,,,,,,,,,,,,
37,9,9,4.59169415,2.07E-02,1.98E-02,1.80E-02,1.54E-02,1.21E-02,8.44E-03,4.52E-03,6.30E-04,-3.00E-03,-6.15E-03,-8.67E-03,-1.04E-02,-1.13E-02,-1.13E-02,-1.05E-02,-8.99E-03,-6.81E-03,-4.18E-03,-1.27E-03,1.70E-03,4.55E-03,7.09E-03,9.16E-03,1.06E-02,1.14E-02,1.15E-02,1.08E-02,9.51E-03,7.62E-03,5.28E-03,2.64E-03,-1.28E-04,-2.86E-03,-5.39E-03,-7.58E-03,-9.29E-03,-1.04E-02,-1.10E-02,-1.09E-02,-1.02E-02,-8.94E-03,-7.25E-03,-5.23E-03,-3.00E-03,-7.31E-04,1.45E-03,3.41E-03,5.04E-03,6.23E-03,6.93E-03,7.11E-03,6.78E-03,5.96E-03,4.73E-03,3.17E-03,1.40E-03,-4.77E-04,-2.33E-03,-4.04E-03,-5.51E-03,-6.64E-03,-7.38E-03,-7.68E-03,-7.54E-03,-6.97E-03,-6.01E-03,-4.74E-03,-3.23E-03,-1.59E-03,9.00E-05,1.70E-03,3.14E-03,4.34E-03,5.23E-03,5.76E-03,5.91E-03,5.69E-03,5.12E-03,4.25E-03,3.14E-03,1.87E-03,5.32E-04,-7.97E-04,-2.03E-03,-3.09E-03,-3.91E-03,-4.46E-03,-4.69E-03,-4.61E-03,-4.22E-03,-3.56E-03,-2.67E-03,-1.62E-03,-4.76E-04,6.93E-04,1.81E-03,2.81E-03,3.63E-03,4.23E-03,4.57E-03,,,,,,,,,,,,,,,,,,,,,,,,,,,,,,,,,,,,,,,,,,,,,,,,,,,,,,,,,,,,,,,,,,,,,,,,,,,,,,,,,,,,,,,,,,,,,,,,,,,,,,,,,,,,,,,,,,,,,,,,,,,,,,,,,,,,,,,,,,,,,,,,,,,,,,,,,,,,,,,,,,,,,,,,,,,,,,,,,,,,,,,,,,,,,,,,,,,,,,,,,,,,,,,,,,,,,,,,,,,,,,,,,,,,,,,,,,,,,,,,,,,,,,,,,,,,,,,,,,,,,,,,,,,,,,,,,,,,,,,,,,,,,,,,,,,,,,,,,,,,,,,,,,,,,,,,,,,,,,,,,,,,,,,,,,,,,,,,,,,,,,,,,,,,,,,,,,,,,,,,,,,,,,,,,,,,,,,,,,,,,,,,,,,,,,,,,,,,,,,,,,,,,,,,,,,,,,,,,,,,,,,,,,,,,,,,,,,,,,,,,,,,,,,,,,,,,,,,,,,,,,,,,,,,,,,,,,,,,,,,,,,,,,,,,,,,,,,,,,,,,,,,,,,,,,,,,,,,,,,,,,,,,,,,,,,,,,,,,,,,,,,,,,,,,,,,,,,,,,,,,,,,,,,,,,,,,,,,,,,,,,,,,,,,,,,,,,,,,,,,,,,,,,,,,,,,,,,,,,,,,,,,,,,,,,,,,,,,,,,,,,,,,,,,,,,,,,,,,,,,,,,,,,,,,,,,,,,,,,,,,,,,,,,,,,,,,,,,,,,,,,,,,,,,,,,,,,,,,,,,,,,,,,,,,,,,,,,
38,9,11,4.74490466,1.23E-01,1.18E-01,1.07E-01,9.18E-02,7.22E-02,5.01E-02,2.67E-02,3.50E-03,-1.81E-02,-3.69E-02,-5.19E-02,-6.23E-02,-6.76E-02,-6.77E-02,-6.28E-02,-5.34E-02,-4.04E-02,-2.45E-02,-7.11E-03,1.07E-02,2.78E-02,4.31E-02,5.54E-02,6.42E-02,6.90E-02,6.93E-02,6.54E-02,5.75E-02,4.61E-02,3.20E-02,1.62E-02,-4.53E-04,-1.69E-02,-3.21E-02,-4.52E-02,-5.55E-02,-6.25E-02,-6.58E-02,-6.53E-02,-6.11E-02,-5.38E-02,-4.37E-02,-3.16E-02,-1.84E-02,-4.77E-03,8.28E-03,2.00E-02,2.97E-02,3.68E-02,4.10E-02,4.21E-02,4.01E-02,3.53E-02,2.79E-02,1.86E-02,8.03E-03,-3.16E-03,-1.42E-02,-2.44E-02,-3.32E-02,-3.99E-02,-4.43E-02,-4.61E-02,-4.52E-02,-4.17E-02,-3.60E-02,-2.83E-02,-1.92E-02,-9.37E-03,6.92E-04,1.03E-02,1.90E-02,2.62E-02,3.15E-02,3.47E-02,3.56E-02,3.43E-02,3.09E-02,2.56E-02,1.90E-02,1.14E-02,3.34E-03,-4.63E-03,-1.20E-02,-1.84E-02,-2.34E-02,-2.66E-02,-2.80E-02,-2.76E-02,-2.53E-02,-2.13E-02,-1.60E-02,-9.77E-03,-2.91E-03,4.07E-03,1.08E-02,1.67E-02,2.16E-02,2.52E-02,2.72E-02,,,,,,,,,,,,,,,,,,,,,,,,,,,,,,,,,,,,,,,,,,,,,,,,,,,,,,,,,,,,,,,,,,,,,,,,,,,,,,,,,,,,,,,,,,,,,,,,,,,,,,,,,,,,,,,,,,,,,,,,,,,,,,,,,,,,,,,,,,,,,,,,,,,,,,,,,,,,,,,,,,,,,,,,,,,,,,,,,,,,,,,,,,,,,,,,,,,,,,,,,,,,,,,,,,,,,,,,,,,,,,,,,,,,,,,,,,,,,,,,,,,,,,,,,,,,,,,,,,,,,,,,,,,,,,,,,,,,,,,,,,,,,,,,,,,,,,,,,,,,,,,,,,,,,,,,,,,,,,,,,,,,,,,,,,,,,,,,,,,,,,,,,,,,,,,,,,,,,,,,,,,,,,,,,,,,,,,,,,,,,,,,,,,,,,,,,,,,,,,,,,,,,,,,,,,,,,,,,,,,,,,,,,,,,,,,,,,,,,,,,,,,,,,,,,,,,,,,,,,,,,,,,,,,,,,,,,,,,,,,,,,,,,,,,,,,,,,,,,,,,,,,,,,,,,,,,,,,,,,,,,,,,,,,,,,,,,,,,,,,,,,,,,,,,,,,,,,,,,,,,,,,,,,,,,,,,,,,,,,,,,,,,,,,,,,,,,,,,,,,,,,,,,,,,,,,,,,,,,,,,,,,,,,,,,,,,,,,,,,,,,,,,,,,,,,,,,,,,,,,,,,,,,,,,,,,,,,,,,,,,,,,,,,,,,,,,,,,,,,,,,,,,,,,,,,,,,,,,,,,,,,,,,,,,,,,,,,
39,9,13,4.92560057,3.08E-01,2.95E-01,2.68E-01,2.28E-01,1.78E-01,1.21E-01,6.09E-02,1.45E-03,-5.39E-02,-1.02E-01,-1.40E-01,-1.66E-01,-1.80E-01,-1.79E-01,-1.66E-01,-1.42E-01,-1.08E-01,-6.64E-02,-2.10E-02,2.54E-02,6.99E-02,1.10E-01,1.42E-01,1.65E-01,1.77E-01,1.79E-01,1.69E-01,1.49E-01,1.20E-01,8.38E-02,4.32E-02,5.29E-04,-4.16E-02,-8.07E-02,-1.14E-01,-1.41E-01,-1.59E-01,-1.67E-01,-1.65E-01,-1.55E-01,-1.36E-01,-1.10E-01,-7.85E-02,-4.43E-02,-9.23E-03,2.44E-02,5.46E-02,7.96E-02,9.80E-02,1.09E-01,1.11E-01,1.06E-01,9.36E-02,7.46E-02,5.05E-02,2.31E-02,-5.87E-03,-3.45E-02,-6.09E-02,-8.36E-02,-1.01E-01,-1.13E-01,-1.17E-01,-1.15E-01,-1.06E-01,-9.16E-02,-7.19E-02,-4.87E-02,-2.34E-02,2.44E-03,2.72E-02,4.94E-02,6.78E-02,8.14E-02,8.95E-02,9.18E-02,8.83E-02,7.94E-02,6.58E-02,4.86E-02,2.90E-02,8.14E-03,-1.25E-02,-3.16E-02,-4.81E-02,-6.09E-02,-6.94E-02,-7.31E-02,-7.19E-02,-6.60E-02,-5.59E-02,-4.22E-02,-2.61E-02,-8.40E-03,9.62E-03,2.69E-02,4.23E-02,5.49E-02,6.42E-02,6.94E-02,,,,,,,,,,,,,,,,,,,,,,,,,,,,,,,,,,,,,,,,,,,,,,,,,,,,,,,,,,,,,,,,,,,,,,,,,,,,,,,,,,,,,,,,,,,,,,,,,,,,,,,,,,,,,,,,,,,,,,,,,,,,,,,,,,,,,,,,,,,,,,,,,,,,,,,,,,,,,,,,,,,,,,,,,,,,,,,,,,,,,,,,,,,,,,,,,,,,,,,,,,,,,,,,,,,,,,,,,,,,,,,,,,,,,,,,,,,,,,,,,,,,,,,,,,,,,,,,,,,,,,,,,,,,,,,,,,,,,,,,,,,,,,,,,,,,,,,,,,,,,,,,,,,,,,,,,,,,,,,,,,,,,,,,,,,,,,,,,,,,,,,,,,,,,,,,,,,,,,,,,,,,,,,,,,,,,,,,,,,,,,,,,,,,,,,,,,,,,,,,,,,,,,,,,,,,,,,,,,,,,,,,,,,,,,,,,,,,,,,,,,,,,,,,,,,,,,,,,,,,,,,,,,,,,,,,,,,,,,,,,,,,,,,,,,,,,,,,,,,,,,,,,,,,,,,,,,,,,,,,,,,,,,,,,,,,,,,,,,,,,,,,,,,,,,,,,,,,,,,,,,,,,,,,,,,,,,,,,,,,,,,,,,,,,,,,,,,,,,,,,,,,,,,,,,,,,,,,,,,,,,,,,,,,,,,,,,,,,,,,,,,,,,,,,,,,,,,,,,,,,,,,,,,,,,,,,,,,,,,,,,,,,,,,,,,,,,,,,,,,,,,,,,,,,,,,,,,,,,,,,,,,,,,,,,,,,,,
40,9,15,5.12673731,3.24E-01,3.10E-01,2.80E-01,2.36E-01,1.81E-01,1.19E-01,5.31E-02,-1.22E-02,-7.29E-02,-1.26E-01,-1.67E-01,-1.96E-01,-2.09E-01,-2.08E-01,-1.93E-01,-1.65E-01,-1.26E-01,-7.95E-02,-2.83E-02,2.41E-02,7.43E-02,1.19E-01,1.56E-01,1.82E-01,1.97E-01,1.99E-01,1.88E-01,1.67E-01,1.35E-01,9.53E-02,5.07E-02,3.66E-03,-4.28E-02,-8.58E-02,-1.23E-01,-1.52E-01,-1.71E-01,-1.80E-01,-1.79E-01,-1.67E-01,-1.45E-01,-1.16E-01,-8.16E-02,-4.36E-02,-4.64E-03,3.27E-02,6.62E-02,9.39E-02,1.14E-01,1.26E-01,1.29E-01,1.23E-01,1.09E-01,8.76E-02,6.07E-02,3.00E-02,-2.36E-03,-3.44E-02,-6.40E-02,-8.94E-02,-1.09E-01,-1.22E-01,-1.27E-01,-1.25E-01,-1.16E-01,-9.96E-02,-7.81E-02,-5.25E-02,-2.46E-02,3.90E-03,3.12E-02,5.57E-02,7.59E-02,9.08E-02,9.96E-02,1.02E-01,9.79E-02,8.79E-02,7.27E-02,5.34E-02,3.14E-02,8.16E-03,-1.49E-02,-3.62E-02,-5.46E-02,-6.90E-02,-7.84E-02,-8.26E-02,-8.13E-02,-7.48E-02,-6.36E-02,-4.85E-02,-3.05E-02,-1.09E-02,9.07E-03,2.82E-02,4.54E-02,5.95E-02,6.97E-02,7.56E-02,,,,,,,,,,,,,,,,,,,,,,,,,,,,,,,,,,,,,,,,,,,,,,,,,,,,,,,,,,,,,,,,,,,,,,,,,,,,,,,,,,,,,,,,,,,,,,,,,,,,,,,,,,,,,,,,,,,,,,,,,,,,,,,,,,,,,,,,,,,,,,,,,,,,,,,,,,,,,,,,,,,,,,,,,,,,,,,,,,,,,,,,,,,,,,,,,,,,,,,,,,,,,,,,,,,,,,,,,,,,,,,,,,,,,,,,,,,,,,,,,,,,,,,,,,,,,,,,,,,,,,,,,,,,,,,,,,,,,,,,,,,,,,,,,,,,,,,,,,,,,,,,,,,,,,,,,,,,,,,,,,,,,,,,,,,,,,,,,,,,,,,,,,,,,,,,,,,,,,,,,,,,,,,,,,,,,,,,,,,,,,,,,,,,,,,,,,,,,,,,,,,,,,,,,,,,,,,,,,,,,,,,,,,,,,,,,,,,,,,,,,,,,,,,,,,,,,,,,,,,,,,,,,,,,,,,,,,,,,,,,,,,,,,,,,,,,,,,,,,,,,,,,,,,,,,,,,,,,,,,,,,,,,,,,,,,,,,,,,,,,,,,,,,,,,,,,,,,,,,,,,,,,,,,,,,,,,,,,,,,,,,,,,,,,,,,,,,,,,,,,,,,,,,,,,,,,,,,,,,,,,,,,,,,,,,,,,,,,,,,,,,,,,,,,,,,,,,,,,,,,,,,,,,,,,,,,,,,,,,,,,,,,,,,,,,,,,,,,,,,,,,,,,,,,,,,,,,,,,,,,,,,,,,,,,,,,,,
41,11,1,5.34084897,2.23E-04,2.17E-04,2.08E-04,1.95E-04,1.80E-04,1.63E-04,1.44E-04,1.24E-04,1.02E-04,7.93E-05,5.64E-05,3.35E-05,1.10E-05,-1.08E-05,-3.16E-05,-5.10E-05,-6.89E-05,-8.50E-05,-9.92E-05,-1.11E-04,-1.21E-04,-1.28E-04,-1.34E-04,-1.36E-04,-1.37E-04,-1.35E-04,-1.32E-04,-1.26E-04,-1.18E-04,-1.09E-04,-9.90E-05,-8.74E-05,-7.49E-05,-6.18E-05,-4.81E-05,-3.42E-05,-2.03E-05,-6.68E-06,6.55E-06,1.92E-05,3.10E-05,4.18E-05,5.16E-05,6.01E-05,6.74E-05,7.33E-05,7.79E-05,8.10E-05,8.27E-05,8.30E-05,8.20E-05,7.98E-05,7.63E-05,7.18E-05,6.64E-05,6.01E-05,5.30E-05,4.55E-05,3.75E-05,2.92E-05,2.08E-05,1.23E-05,4.05E-06,-3.97E-06,-1.16E-05,-1.88E-05,-2.54E-05,-3.13E-05,-3.65E-05,-4.09E-05,-4.45E-05,-4.72E-05,-4.91E-05,-5.02E-05,-5.04E-05,-4.98E-05,-4.84E-05,-4.63E-05,-4.36E-05,-4.02E-05,-3.64E-05,-3.22E-05,-2.76E-05,-2.27E-05,-1.77E-05,-1.26E-05,-7.48E-06,-2.46E-06,2.41E-06,7.05E-06,1.14E-05,1.54E-05,1.90E-05,2.21E-05,2.48E-05,2.70E-05,2.86E-05,2.98E-05,3.04E-05,3.05E-05,,,,,,,,,,,,,,,,,,,,,,,,,,,,,,,,,,,,,,,,,,,,,,,,,,,,,,,,,,,,,,,,,,,,,,,,,,,,,,,,,,,,,,,,,,,,,,,,,,,,,,,,,,,,,,,,,,,,,,,,,,,,,,,,,,,,,,,,,,,,,,,,,,,,,,,,,,,,,,,,,,,,,,,,,,,,,,,,,,,,,,,,,,,,,,,,,,,,,,,,,,,,,,,,,,,,,,,,,,,,,,,,,,,,,,,,,,,,,,,,,,,,,,,,,,,,,,,,,,,,,,,,,,,,,,,,,,,,,,,,,,,,,,,,,,,,,,,,,,,,,,,,,,,,,,,,,,,,,,,,,,,,,,,,,,,,,,,,,,,,,,,,,,,,,,,,,,,,,,,,,,,,,,,,,,,,,,,,,,,,,,,,,,,,,,,,,,,,,,,,,,,,,,,,,,,,,,,,,,,,,,,,,,,,,,,,,,,,,,,,,,,,,,,,,,,,,,,,,,,,,,,,,,,,,,,,,,,,,,,,,,,,,,,,,,,,,,,,,,,,,,,,,,,,,,,,,,,,,,,,,,,,,,,,,,,,,,,,,,,,,,,,,,,,,,,,,,,,,,,,,,,,,,,,,,,,,,,,,,,,,,,,,,,,,,,,,,,,,,,,,,,,,,,,,,,,,,,,,,,,,,,,,,,,,,,,,,,,,,,,,,,,,,,,,,,,,,,,,,,,,,,,,,,,,,,,,,,,,,,,,,,,,,,,,,,,,,,,,,,,,,,,,,,,,,,,,,,,,,,,,,,,,,,,,,,,,,,
42,11,3,5.56023786,4.69E-04,4.57E-04,4.37E-04,4.11E-04,3.80E-04,3.44E-04,3.04E-04,2.60E-04,2.14E-04,1.67E-04,1.19E-04,7.06E-05,2.32E-05,-2.27E-05,-6.65E-05,-1.07E-04,-1.45E-04,-1.79E-04,-2.09E-04,-2.34E-04,-2.54E-04,-2.70E-04,-2.81E-04,-2.87E-04,-2.88E-04,-2.85E-04,-2.77E-04,-2.65E-04,-2.49E-04,-2.30E-04,-2.08E-04,-1.84E-04,-1.58E-04,-1.30E-04,-1.01E-04,-7.21E-05,-4.29E-05,-1.41E-05,1.37E-05,4.03E-05,6.51E-05,8.80E-05,1.09E-04,1.27E-04,1.42E-04,1.54E-04,1.64E-04,1.70E-04,1.74E-04,1.75E-04,1.73E-04,1.68E-04,1.61E-04,1.51E-04,1.40E-04,1.26E-04,1.12E-04,9.57E-05,7.88E-05,6.14E-05,4.36E-05,2.59E-05,8.49E-06,-8.39E-06,-2.45E-05,-3.96E-05,-5.34E-05,-6.59E-05,-7.68E-05,-8.61E-05,-9.36E-05,-9.94E-05,-1.03E-04,-1.06E-04,-1.06E-04,-1.05E-04,-1.02E-04,-9.74E-05,-9.17E-05,-8.47E-05,-7.66E-05,-6.77E-05,-5.80E-05,-4.78E-05,-3.72E-05,-2.65E-05,-1.58E-05,-5.18E-06,5.06E-06,1.48E-05,2.40E-05,3.24E-05,3.99E-05,4.66E-05,5.22E-05,5.68E-05,6.03E-05,6.27E-05,6.41E-05,6.43E-05,,,,,,,,,,,,,,,,,,,,,,,,,,,,,,,,,,,,,,,,,,,,,,,,,,,,,,,,,,,,,,,,,,,,,,,,,,,,,,,,,,,,,,,,,,,,,,,,,,,,,,,,,,,,,,,,,,,,,,,,,,,,,,,,,,,,,,,,,,,,,,,,,,,,,,,,,,,,,,,,,,,,,,,,,,,,,,,,,,,,,,,,,,,,,,,,,,,,,,,,,,,,,,,,,,,,,,,,,,,,,,,,,,,,,,,,,,,,,,,,,,,,,,,,,,,,,,,,,,,,,,,,,,,,,,,,,,,,,,,,,,,,,,,,,,,,,,,,,,,,,,,,,,,,,,,,,,,,,,,,,,,,,,,,,,,,,,,,,,,,,,,,,,,,,,,,,,,,,,,,,,,,,,,,,,,,,,,,,,,,,,,,,,,,,,,,,,,,,,,,,,,,,,,,,,,,,,,,,,,,,,,,,,,,,,,,,,,,,,,,,,,,,,,,,,,,,,,,,,,,,,,,,,,,,,,,,,,,,,,,,,,,,,,,,,,,,,,,,,,,,,,,,,,,,,,,,,,,,,,,,,,,,,,,,,,,,,,,,,,,,,,,,,,,,,,,,,,,,,,,,,,,,,,,,,,,,,,,,,,,,,,,,,,,,,,,,,,,,,,,,,,,,,,,,,,,,,,,,,,,,,,,,,,,,,,,,,,,,,,,,,,,,,,,,,,,,,,,,,,,,,,,,,,,,,,,,,,,,,,,,,,,,,,,,,,,,,,,,,,,,,,,,,,,,,,,,,,,,,,,,,,,,,,,,,,,,,,
43,11,5,5.77717203,4.08E-04,3.96E-04,3.79E-04,3.57E-04,3.29E-04,2.98E-04,2.63E-04,2.25E-04,1.85E-04,1.45E-04,1.03E-04,6.24E-05,2.22E-05,-1.65E-05,-5.31E-05,-8.71E-05,-1.18E-04,-1.46E-04,-1.70E-04,-1.91E-04,-2.08E-04,-2.20E-04,-2.29E-04,-2.34E-04,-2.35E-04,-2.33E-04,-2.27E-04,-2.18E-04,-2.06E-04,-1.91E-04,-1.74E-04,-1.55E-04,-1.34E-04,-1.12E-04,-8.90E-05,-6.55E-05,-4.17E-05,-1.82E-05,4.83E-06,2.70E-05,4.79E-05,6.73E-05,8.49E-05,1.01E-04,1.14E-04,1.25E-04,1.33E-04,1.39E-04,1.43E-04,1.44E-04,1.42E-04,1.38E-04,1.32E-04,1.24E-04,1.14E-04,1.03E-04,8.98E-05,7.62E-05,6.18E-05,4.70E-05,3.21E-05,1.73E-05,2.93E-06,-1.09E-05,-2.39E-05,-3.60E-05,-4.70E-05,-5.67E-05,-6.51E-05,-7.22E-05,-7.78E-05,-8.21E-05,-8.49E-05,-8.63E-05,-8.64E-05,-8.51E-05,-8.27E-05,-7.91E-05,-7.45E-05,-6.90E-05,-6.26E-05,-5.55E-05,-4.78E-05,-3.96E-05,-3.11E-05,-2.23E-05,-1.35E-05,-4.79E-06,3.77E-06,1.20E-05,1.98E-05,2.71E-05,3.37E-05,3.96E-05,4.46E-05,4.87E-05,5.19E-05,5.42E-05,5.54E-05,5.57E-05,,,,,,,,,,,,,,,,,,,,,,,,,,,,,,,,,,,,,,,,,,,,,,,,,,,,,,,,,,,,,,,,,,,,,,,,,,,,,,,,,,,,,,,,,,,,,,,,,,,,,,,,,,,,,,,,,,,,,,,,,,,,,,,,,,,,,,,,,,,,,,,,,,,,,,,,,,,,,,,,,,,,,,,,,,,,,,,,,,,,,,,,,,,,,,,,,,,,,,,,,,,,,,,,,,,,,,,,,,,,,,,,,,,,,,,,,,,,,,,,,,,,,,,,,,,,,,,,,,,,,,,,,,,,,,,,,,,,,,,,,,,,,,,,,,,,,,,,,,,,,,,,,,,,,,,,,,,,,,,,,,,,,,,,,,,,,,,,,,,,,,,,,,,,,,,,,,,,,,,,,,,,,,,,,,,,,,,,,,,,,,,,,,,,,,,,,,,,,,,,,,,,,,,,,,,,,,,,,,,,,,,,,,,,,,,,,,,,,,,,,,,,,,,,,,,,,,,,,,,,,,,,,,,,,,,,,,,,,,,,,,,,,,,,,,,,,,,,,,,,,,,,,,,,,,,,,,,,,,,,,,,,,,,,,,,,,,,,,,,,,,,,,,,,,,,,,,,,,,,,,,,,,,,,,,,,,,,,,,,,,,,,,,,,,,,,,,,,,,,,,,,,,,,,,,,,,,,,,,,,,,,,,,,,,,,,,,,,,,,,,,,,,,,,,,,,,,,,,,,,,,,,,,,,,,,,,,,,,,,,,,,,,,,,,,,,,,,,,,,,,,,,,,,,,,,,,,,,,,,,,,,,,,,,,,,,,,,
44,11,7,5.98408556,9.99E-04,9.68E-04,9.23E-04,8.65E-04,7.95E-04,7.18E-04,6.35E-04,5.52E-04,4.69E-04,3.92E-04,3.21E-04,2.59E-04,2.07E-04,1.66E-04,1.36E-04,1.15E-04,1.04E-04,9.85E-05,9.83E-05,1.01E-04,1.04E-04,1.05E-04,1.02E-04,9.50E-05,8.16E-05,6.18E-05,3.56E-05,3.58E-06,-3.32E-05,-7.34E-05,-1.15E-04,-1.57E-04,-1.96E-04,-2.31E-04,-2.61E-04,-2.84E-04,-2.99E-04,-3.05E-04,-3.03E-04,-2.93E-04,-2.76E-04,-2.53E-04,-2.25E-04,-1.95E-04,-1.64E-04,-1.34E-04,-1.07E-04,-8.32E-05,-6.51E-05,-5.30E-05,-4.72E-05,-4.77E-05,-5.42E-05,-6.57E-05,-8.13E-05,-9.95E-05,-1.19E-04,-1.38E-04,-1.56E-04,-1.70E-04,-1.81E-04,-1.87E-04,-1.87E-04,-1.81E-04,-1.71E-04,-1.55E-04,-1.36E-04,-1.13E-04,-8.82E-05,-6.29E-05,-3.82E-05,-1.52E-05,5.16E-06,2.20E-05,3.47E-05,4.30E-05,4.70E-05,4.69E-05,4.32E-05,3.66E-05,2.81E-05,1.86E-05,9.11E-06,5.75E-07,-6.14E-06,-1.03E-05,-1.14E-05,-9.21E-06,-3.59E-06,5.24E-06,1.69E-05,3.07E-05,4.61E-05,6.20E-05,7.77E-05,9.22E-05,1.05E-04,1.15E-04,1.21E-04,1.25E-04,,,,,,,,,,,,,,,,,,,,,,,,,,,,,,,,,,,,,,,,,,,,,,,,,,,,,,,,,,,,,,,,,,,,,,,,,,,,,,,,,,,,,,,,,,,,,,,,,,,,,,,,,,,,,,,,,,,,,,,,,,,,,,,,,,,,,,,,,,,,,,,,,,,,,,,,,,,,,,,,,,,,,,,,,,,,,,,,,,,,,,,,,,,,,,,,,,,,,,,,,,,,,,,,,,,,,,,,,,,,,,,,,,,,,,,,,,,,,,,,,,,,,,,,,,,,,,,,,,,,,,,,,,,,,,,,,,,,,,,,,,,,,,,,,,,,,,,,,,,,,,,,,,,,,,,,,,,,,,,,,,,,,,,,,,,,,,,,,,,,,,,,,,,,,,,,,,,,,,,,,,,,,,,,,,,,,,,,,,,,,,,,,,,,,,,,,,,,,,,,,,,,,,,,,,,,,,,,,,,,,,,,,,,,,,,,,,,,,,,,,,,,,,,,,,,,,,,,,,,,,,,,,,,,,,,,,,,,,,,,,,,,,,,,,,,,,,,,,,,,,,,,,,,,,,,,,,,,,,,,,,,,,,,,,,,,,,,,,,,,,,,,,,,,,,,,,,,,,,,,,,,,,,,,,,,,,,,,,,,,,,,,,,,,,,,,,,,,,,,,,,,,,,,,,,,,,,,,,,,,,,,,,,,,,,,,,,,,,,,,,,,,,,,,,,,,,,,,,,,,,,,,,,,,,,,,,,,,,,,,,,,,,,,,,,,,,,,,,,,,,,,,,,,,,,,,,,,,,,,,,,,,,,,,,,,,,,,
45,11,9,6.1737762,1.60E-02,1.55E-02,1.48E-02,1.39E-02,1.28E-02,1.16E-02,1.03E-02,9.06E-03,7.82E-03,6.66E-03,5.63E-03,4.74E-03,4.02E-03,3.48E-03,3.12E-03,2.91E-03,2.83E-03,2.85E-03,2.94E-03,3.05E-03,3.15E-03,3.20E-03,3.17E-03,3.03E-03,2.77E-03,2.38E-03,1.86E-03,1.22E-03,4.85E-04,-3.21E-04,-1.17E-03,-2.02E-03,-2.84E-03,-3.59E-03,-4.25E-03,-4.80E-03,-5.20E-03,-5.46E-03,-5.56E-03,-5.52E-03,-5.35E-03,-5.06E-03,-4.69E-03,-4.26E-03,-3.80E-03,-3.34E-03,-2.91E-03,-2.54E-03,-2.24E-03,-2.03E-03,-1.91E-03,-1.89E-03,-1.96E-03,-2.10E-03,-2.31E-03,-2.55E-03,-2.80E-03,-3.05E-03,-3.26E-03,-3.41E-03,-3.50E-03,-3.50E-03,-3.41E-03,-3.22E-03,-2.95E-03,-2.60E-03,-2.19E-03,-1.73E-03,-1.24E-03,-7.50E-04,-2.79E-04,1.55E-04,5.34E-04,8.44E-04,1.07E-03,1.22E-03,1.29E-03,1.27E-03,1.19E-03,1.06E-03,8.82E-04,6.84E-04,4.83E-04,2.95E-04,1.37E-04,2.03E-05,-4.44E-05,-5.15E-05,6.01E-07,1.10E-04,2.69E-04,4.69E-04,6.98E-04,9.42E-04,1.18E-03,1.41E-03,1.61E-03,1.77E-03,1.88E-03,1.93E-03,,,,,,,,,,,,,,,,,,,,,,,,,,,,,,,,,,,,,,,,,,,,,,,,,,,,,,,,,,,,,,,,,,,,,,,,,,,,,,,,,,,,,,,,,,,,,,,,,,,,,,,,,,,,,,,,,,,,,,,,,,,,,,,,,,,,,,,,,,,,,,,,,,,,,,,,,,,,,,,,,,,,,,,,,,,,,,,,,,,,,,,,,,,,,,,,,,,,,,,,,,,,,,,,,,,,,,,,,,,,,,,,,,,,,,,,,,,,,,,,,,,,,,,,,,,,,,,,,,,,,,,,,,,,,,,,,,,,,,,,,,,,,,,,,,,,,,,,,,,,,,,,,,,,,,,,,,,,,,,,,,,,,,,,,,,,,,,,,,,,,,,,,,,,,,,,,,,,,,,,,,,,,,,,,,,,,,,,,,,,,,,,,,,,,,,,,,,,,,,,,,,,,,,,,,,,,,,,,,,,,,,,,,,,,,,,,,,,,,,,,,,,,,,,,,,,,,,,,,,,,,,,,,,,,,,,,,,,,,,,,,,,,,,,,,,,,,,,,,,,,,,,,,,,,,,,,,,,,,,,,,,,,,,,,,,,,,,,,,,,,,,,,,,,,,,,,,,,,,,,,,,,,,,,,,,,,,,,,,,,,,,,,,,,,,,,,,,,,,,,,,,,,,,,,,,,,,,,,,,,,,,,,,,,,,,,,,,,,,,,,,,,,,,,,,,,,,,,,,,,,,,,,,,,,,,,,,,,,,,,,,,,,,,,,,,,,,,,,,,,,,,,,,,,,,,,,,,,,,,,,,,,,,,,,,,,,,,
46,11,11,6.33959414,1.11E-01,1.07E-01,1.02E-01,9.56E-02,8.79E-02,7.93E-02,7.03E-02,6.11E-02,5.23E-02,4.41E-02,3.68E-02,3.06E-02,2.56E-02,2.20E-02,1.96E-02,1.84E-02,1.82E-02,1.87E-02,1.97E-02,2.09E-02,2.19E-02,2.26E-02,2.27E-02,2.19E-02,2.03E-02,1.76E-02,1.40E-02,9.57E-03,4.35E-03,-1.40E-03,-7.46E-03,-1.36E-02,-1.95E-02,-2.49E-02,-2.97E-02,-3.36E-02,-3.65E-02,-3.83E-02,-3.90E-02,-3.86E-02,-3.73E-02,-3.51E-02,-3.24E-02,-2.92E-02,-2.58E-02,-2.24E-02,-1.92E-02,-1.65E-02,-1.43E-02,-1.28E-02,-1.20E-02,-1.19E-02,-1.25E-02,-1.36E-02,-1.52E-02,-1.70E-02,-1.90E-02,-2.09E-02,-2.25E-02,-2.38E-02,-2.45E-02,-2.46E-02,-2.40E-02,-2.27E-02,-2.08E-02,-1.83E-02,-1.54E-02,-1.21E-02,-8.55E-03,-5.03E-03,-1.63E-03,1.49E-03,4.21E-03,6.41E-03,8.04E-03,9.06E-03,9.47E-03,9.30E-03,8.64E-03,7.57E-03,6.22E-03,4.70E-03,3.17E-03,1.74E-03,5.22E-04,-3.76E-04,-8.87E-04,-9.69E-04,-6.10E-04,1.74E-04,1.33E-03,2.80E-03,4.48E-03,6.28E-03,8.07E-03,9.75E-03,1.12E-02,1.24E-02,1.32E-02,1.36E-02,,,,,,,,,,,,,,,,,,,,,,,,,,,,,,,,,,,,,,,,,,,,,,,,,,,,,,,,,,,,,,,,,,,,,,,,,,,,,,,,,,,,,,,,,,,,,,,,,,,,,,,,,,,,,,,,,,,,,,,,,,,,,,,,,,,,,,,,,,,,,,,,,,,,,,,,,,,,,,,,,,,,,,,,,,,,,,,,,,,,,,,,,,,,,,,,,,,,,,,,,,,,,,,,,,,,,,,,,,,,,,,,,,,,,,,,,,,,,,,,,,,,,,,,,,,,,,,,,,,,,,,,,,,,,,,,,,,,,,,,,,,,,,,,,,,,,,,,,,,,,,,,,,,,,,,,,,,,,,,,,,,,,,,,,,,,,,,,,,,,,,,,,,,,,,,,,,,,,,,,,,,,,,,,,,,,,,,,,,,,,,,,,,,,,,,,,,,,,,,,,,,,,,,,,,,,,,,,,,,,,,,,,,,,,,,,,,,,,,,,,,,,,,,,,,,,,,,,,,,,,,,,,,,,,,,,,,,,,,,,,,,,,,,,,,,,,,,,,,,,,,,,,,,,,,,,,,,,,,,,,,,,,,,,,,,,,,,,,,,,,,,,,,,,,,,,,,,,,,,,,,,,,,,,,,,,,,,,,,,,,,,,,,,,,,,,,,,,,,,,,,,,,,,,,,,,,,,,,,,,,,,,,,,,,,,,,,,,,,,,,,,,,,,,,,,,,,,,,,,,,,,,,,,,,,,,,,,,,,,,,,,,,,,,,,,,,,,,,,,,,,,,,,,,,,,,,,,,,,,,,,,,,,,,,,,,,,,
47,11,13,6.47561559,2.90E-01,2.81E-01,2.67E-01,2.48E-01,2.26E-01,2.00E-01,1.74E-01,1.48E-01,1.22E-01,9.85E-02,7.80E-02,6.11E-02,4.81E-02,3.94E-02,3.47E-02,3.37E-02,3.57E-02,4.01E-02,4.60E-02,5.23E-02,5.83E-02,6.29E-02,6.55E-02,6.55E-02,6.24E-02,5.62E-02,4.67E-02,3.44E-02,1.96E-02,3.01E-03,-1.47E-02,-3.27E-02,-5.01E-02,-6.62E-02,-8.03E-02,-9.17E-02,-1.00E-01,-1.05E-01,-1.07E-01,-1.05E-01,-1.00E-01,-9.31E-02,-8.40E-02,-7.37E-02,-6.28E-02,-5.21E-02,-4.22E-02,-3.37E-02,-2.71E-02,-2.26E-02,-2.05E-02,-2.06E-02,-2.29E-02,-2.71E-02,-3.28E-02,-3.93E-02,-4.62E-02,-5.30E-02,-5.90E-02,-6.37E-02,-6.67E-02,-6.78E-02,-6.68E-02,-6.36E-02,-5.83E-02,-5.12E-02,-4.25E-02,-3.28E-02,-2.24E-02,-1.19E-02,-1.85E-03,7.37E-03,1.53E-02,2.17E-02,2.62E-02,2.88E-02,2.96E-02,2.85E-02,2.58E-02,2.20E-02,1.72E-02,1.20E-02,6.69E-03,1.78E-03,-2.40E-03,-5.54E-03,-7.42E-03,-7.90E-03,-6.94E-03,-4.60E-03,-1.03E-03,3.54E-03,8.83E-03,1.45E-02,2.02E-02,2.56E-02,3.03E-02,3.41E-02,3.67E-02,3.81E-02,,,,,,,,,,,,,,,,,,,,,,,,,,,,,,,,,,,,,,,,,,,,,,,,,,,,,,,,,,,,,,,,,,,,,,,,,,,,,,,,,,,,,,,,,,,,,,,,,,,,,,,,,,,,,,,,,,,,,,,,,,,,,,,,,,,,,,,,,,,,,,,,,,,,,,,,,,,,,,,,,,,,,,,,,,,,,,,,,,,,,,,,,,,,,,,,,,,,,,,,,,,,,,,,,,,,,,,,,,,,,,,,,,,,,,,,,,,,,,,,,,,,,,,,,,,,,,,,,,,,,,,,,,,,,,,,,,,,,,,,,,,,,,,,,,,,,,,,,,,,,,,,,,,,,,,,,,,,,,,,,,,,,,,,,,,,,,,,,,,,,,,,,,,,,,,,,,,,,,,,,,,,,,,,,,,,,,,,,,,,,,,,,,,,,,,,,,,,,,,,,,,,,,,,,,,,,,,,,,,,,,,,,,,,,,,,,,,,,,,,,,,,,,,,,,,,,,,,,,,,,,,,,,,,,,,,,,,,,,,,,,,,,,,,,,,,,,,,,,,,,,,,,,,,,,,,,,,,,,,,,,,,,,,,,,,,,,,,,,,,,,,,,,,,,,,,,,,,,,,,,,,,,,,,,,,,,,,,,,,,,,,,,,,,,,,,,,,,,,,,,,,,,,,,,,,,,,,,,,,,,,,,,,,,,,,,,,,,,,,,,,,,,,,,,,,,,,,,,,,,,,,,,,,,,,,,,,,,,,,,,,,,,,,,,,,,,,,,,,,,,,,,,,,,,,,,,,,,,,,,,,,,,,,,,,,,,,,
48,11,15,6.57679495,2.97E-01,2.87E-01,2.70E-01,2.48E-01,2.21E-01,1.90E-01,1.58E-01,1.25E-01,9.47E-02,6.68E-02,4.32E-02,2.45E-02,1.13E-02,3.95E-03,2.10E-03,5.27E-03,1.26E-02,2.31E-02,3.55E-02,4.86E-02,6.09E-02,7.14E-02,7.89E-02,8.27E-02,8.21E-02,7.70E-02,6.74E-02,5.36E-02,3.63E-02,1.63E-02,-5.36E-03,-2.76E-02,-4.94E-02,-6.94E-02,-8.69E-02,-1.01E-01,-1.11E-01,-1.16E-01,-1.18E-01,-1.14E-01,-1.07E-01,-9.70E-02,-8.42E-02,-6.98E-02,-5.48E-02,-4.02E-02,-2.69E-02,-1.55E-02,-6.89E-03,-1.32E-03,9.58E-04,-4.09E-05,-4.09E-03,-1.08E-02,-1.95E-02,-2.96E-02,-4.02E-02,-5.06E-02,-6.00E-02,-6.78E-02,-7.32E-02,-7.61E-02,-7.59E-02,-7.29E-02,-6.69E-02,-5.85E-02,-4.79E-02,-3.58E-02,-2.29E-02,-9.73E-03,2.90E-03,1.44E-02,2.41E-02,3.18E-02,3.69E-02,3.95E-02,3.96E-02,3.72E-02,3.27E-02,2.66E-02,1.93E-02,1.15E-02,3.63E-03,-3.68E-03,-9.94E-03,-1.47E-02,-1.77E-02,-1.87E-02,-1.77E-02,-1.47E-02,-1.01E-02,-3.94E-03,3.21E-03,1.09E-02,1.87E-02,2.61E-02,3.26E-02,3.79E-02,4.17E-02,4.37E-02,,,,,,,,,,,,,,,,,,,,,,,,,,,,,,,,,,,,,,,,,,,,,,,,,,,,,,,,,,,,,,,,,,,,,,,,,,,,,,,,,,,,,,,,,,,,,,,,,,,,,,,,,,,,,,,,,,,,,,,,,,,,,,,,,,,,,,,,,,,,,,,,,,,,,,,,,,,,,,,,,,,,,,,,,,,,,,,,,,,,,,,,,,,,,,,,,,,,,,,,,,,,,,,,,,,,,,,,,,,,,,,,,,,,,,,,,,,,,,,,,,,,,,,,,,,,,,,,,,,,,,,,,,,,,,,,,,,,,,,,,,,,,,,,,,,,,,,,,,,,,,,,,,,,,,,,,,,,,,,,,,,,,,,,,,,,,,,,,,,,,,,,,,,,,,,,,,,,,,,,,,,,,,,,,,,,,,,,,,,,,,,,,,,,,,,,,,,,,,,,,,,,,,,,,,,,,,,,,,,,,,,,,,,,,,,,,,,,,,,,,,,,,,,,,,,,,,,,,,,,,,,,,,,,,,,,,,,,,,,,,,,,,,,,,,,,,,,,,,,,,,,,,,,,,,,,,,,,,,,,,,,,,,,,,,,,,,,,,,,,,,,,,,,,,,,,,,,,,,,,,,,,,,,,,,,,,,,,,,,,,,,,,,,,,,,,,,,,,,,,,,,,,,,,,,,,,,,,,,,,,,,,,,,,,,,,,,,,,,,,,,,,,,,,,,,,,,,,,,,,,,,,,,,,,,,,,,,,,,,,,,,,,,,,,,,,,,,,,,,,,,,,,,,,,,,,,,,,,,,,,,,,,,,,,,,,,,,
49,13,1,6.63909002,4.70E-06,4.57E-06,4.37E-06,4.11E-06,3.80E-06,3.44E-06,3.04E-06,2.60E-06,2.14E-06,1.67E-06,1.19E-06,7.06E-07,2.32E-07,-2.27E-07,-6.65E-07,-1.07E-06,-1.45E-06,-1.79E-06,-2.09E-06,-2.34E-06,-2.55E-06,-2.70E-06,-2.81E-06,-2.87E-06,-2.88E-06,-2.85E-06,-2.77E-06,-2.65E-06,-2.49E-06,-2.30E-06,-2.08E-06,-1.84E-06,-1.58E-06,-1.30E-06,-1.01E-06,-7.21E-07,-4.28E-07,-1.41E-07,1.38E-07,4.03E-07,6.52E-07,8.81E-07,1.09E-06,1.27E-06,1.42E-06,1.54E-06,1.64E-06,1.71E-06,1.74E-06,1.75E-06,1.73E-06,1.68E-06,1.61E-06,1.51E-06,1.40E-06,1.26E-06,1.12E-06,9.57E-07,7.89E-07,6.14E-07,4.37E-07,2.60E-07,8.53E-08,-8.37E-08,-2.45E-07,-3.95E-07,-5.34E-07,-6.59E-07,-7.68E-07,-8.61E-07,-9.37E-07,-9.95E-07,-1.03E-06,-1.06E-06,-1.06E-06,-1.05E-06,-1.02E-06,-9.75E-07,-9.17E-07,-8.48E-07,-7.67E-07,-6.77E-07,-5.81E-07,-4.78E-07,-3.73E-07,-2.65E-07,-1.58E-07,-5.17E-08,5.07E-08,1.48E-07,2.40E-07,3.24E-07,4.00E-07,4.66E-07,5.22E-07,5.68E-07,6.03E-07,6.27E-07,6.41E-07,6.43E-07,,,,,,,,,,,,,,,,,,,,,,,,,,,,,,,,,,,,,,,,,,,,,,,,,,,,,,,,,,,,,,,,,,,,,,,,,,,,,,,,,,,,,,,,,,,,,,,,,,,,,,,,,,,,,,,,,,,,,,,,,,,,,,,,,,,,,,,,,,,,,,,,,,,,,,,,,,,,,,,,,,,,,,,,,,,,,,,,,,,,,,,,,,,,,,,,,,,,,,,,,,,,,,,,,,,,,,,,,,,,,,,,,,,,,,,,,,,,,,,,,,,,,,,,,,,,,,,,,,,,,,,,,,,,,,,,,,,,,,,,,,,,,,,,,,,,,,,,,,,,,,,,,,,,,,,,,,,,,,,,,,,,,,,,,,,,,,,,,,,,,,,,,,,,,,,,,,,,,,,,,,,,,,,,,,,,,,,,,,,,,,,,,,,,,,,,,,,,,,,,,,,,,,,,,,,,,,,,,,,,,,,,,,,,,,,,,,,,,,,,,,,,,,,,,,,,,,,,,,,,,,,,,,,,,,,,,,,,,,,,,,,,,,,,,,,,,,,,,,,,,,,,,,,,,,,,,,,,,,,,,,,,,,,,,,,,,,,,,,,,,,,,,,,,,,,,,,,,,,,,,,,,,,,,,,,,,,,,,,,,,,,,,,,,,,,,,,,,,,,,,,,,,,,,,,,,,,,,,,,,,,,,,,,,,,,,,,,,,,,,,,,,,,,,,,,,,,,,,,,,,,,,,,,,,,,,,,,,,,,,,,,,,,,,,,,,,,,,,,,,,,,,,,,,,,,,,,,,,,,,,,,,,,,,,,,,,,,
50,13,3,6.65955506,1.20E-05,1.17E-05,1.12E-05,1.05E-05,9.70E-06,8.78E-06,7.76E-06,6.66E-06,5.49E-06,4.28E-06,3.06E-06,1.83E-06,6.28E-07,-5.40E-07,-1.65E-06,-2.70E-06,-3.65E-06,-4.52E-06,-5.27E-06,-5.92E-06,-6.44E-06,-6.84E-06,-7.12E-06,-7.27E-06,-7.30E-06,-7.22E-06,-7.02E-06,-6.72E-06,-6.33E-06,-5.85E-06,-5.30E-06,-4.68E-06,-4.02E-06,-3.31E-06,-2.59E-06,-1.85E-06,-1.11E-06,-3.79E-07,3.26E-07,9.99E-07,1.63E-06,2.21E-06,2.73E-06,3.19E-06,3.58E-06,3.89E-06,4.13E-06,4.30E-06,4.39E-06,4.41E-06,4.36E-06,4.24E-06,4.06E-06,3.82E-06,3.52E-06,3.19E-06,2.81E-06,2.41E-06,1.98E-06,1.54E-06,1.09E-06,6.45E-07,2.03E-07,-2.24E-07,-6.31E-07,-1.01E-06,-1.36E-06,-1.68E-06,-1.95E-06,-2.19E-06,-2.38E-06,-2.52E-06,-2.62E-06,-2.68E-06,-2.69E-06,-2.66E-06,-2.58E-06,-2.47E-06,-2.32E-06,-2.15E-06,-1.94E-06,-1.71E-06,-1.47E-06,-1.21E-06,-9.40E-07,-6.67E-07,-3.94E-07,-1.26E-07,1.34E-07,3.82E-07,6.14E-07,8.28E-07,1.02E-06,1.19E-06,1.33E-06,1.45E-06,1.54E-06,1.60E-06,1.63E-06,1.64E-06,,,,,,,,,,,,,,,,,,,,,,,,,,,,,,,,,,,,,,,,,,,,,,,,,,,,,,,,,,,,,,,,,,,,,,,,,,,,,,,,,,,,,,,,,,,,,,,,,,,,,,,,,,,,,,,,,,,,,,,,,,,,,,,,,,,,,,,,,,,,,,,,,,,,,,,,,,,,,,,,,,,,,,,,,,,,,,,,,,,,,,,,,,,,,,,,,,,,,,,,,,,,,,,,,,,,,,,,,,,,,,,,,,,,,,,,,,,,,,,,,,,,,,,,,,,,,,,,,,,,,,,,,,,,,,,,,,,,,,,,,,,,,,,,,,,,,,,,,,,,,,,,,,,,,,,,,,,,,,,,,,,,,,,,,,,,,,,,,,,,,,,,,,,,,,,,,,,,,,,,,,,,,,,,,,,,,,,,,,,,,,,,,,,,,,,,,,,,,,,,,,,,,,,,,,,,,,,,,,,,,,,,,,,,,,,,,,,,,,,,,,,,,,,,,,,,,,,,,,,,,,,,,,,,,,,,,,,,,,,,,,,,,,,,,,,,,,,,,,,,,,,,,,,,,,,,,,,,,,,,,,,,,,,,,,,,,,,,,,,,,,,,,,,,,,,,,,,,,,,,,,,,,,,,,,,,,,,,,,,,,,,,,,,,,,,,,,,,,,,,,,,,,,,,,,,,,,,,,,,,,,,,,,,,,,,,,,,,,,,,,,,,,,,,,,,,,,,,,,,,,,,,,,,,,,,,,,,,,,,,,,,,,,,,,,,,,,,,,,,,,,,,,,,,,,,,,,,,,,,,,,,,,,,,,,,,,,,
51,13,5,6.63639829,2.45E-05,2.39E-05,2.30E-05,2.19E-05,2.06E-05,1.92E-05,1.76E-05,1.60E-05,1.42E-05,1.25E-05,1.07E-05,8.86E-06,7.09E-06,5.36E-06,3.70E-06,2.13E-06,6.52E-07,-7.15E-07,-1.96E-06,-3.09E-06,-4.08E-06,-4.94E-06,-5.66E-06,-6.26E-06,-6.72E-06,-7.06E-06,-7.27E-06,-7.37E-06,-7.36E-06,-7.25E-06,-7.05E-06,-6.76E-06,-6.40E-06,-5.98E-06,-5.50E-06,-4.98E-06,-4.43E-06,-3.86E-06,-3.28E-06,-2.71E-06,-2.15E-06,-1.61E-06,-1.10E-06,-6.41E-07,-2.29E-07,1.28E-07,4.23E-07,6.54E-07,8.18E-07,9.15E-07,9.47E-07,9.15E-07,8.25E-07,6.81E-07,4.91E-07,2.60E-07,-3.51E-09,-2.91E-07,-5.93E-07,-9.04E-07,-1.21E-06,-1.51E-06,-1.80E-06,-2.07E-06,-2.31E-06,-2.52E-06,-2.69E-06,-2.83E-06,-2.93E-06,-2.99E-06,-3.01E-06,-3.00E-06,-2.94E-06,-2.85E-06,-2.73E-06,-2.57E-06,-2.39E-06,-2.17E-06,-1.94E-06,-1.68E-06,-1.40E-06,-1.11E-06,-8.07E-07,-4.96E-07,-1.79E-07,1.38E-07,4.53E-07,7.61E-07,1.06E-06,1.34E-06,1.61E-06,1.85E-06,2.07E-06,2.27E-06,2.43E-06,2.56E-06,2.65E-06,2.71E-06,2.74E-06,2.73E-06,,,,,,,,,,,,,,,,,,,,,,,,,,,,,,,,,,,,,,,,,,,,,,,,,,,,,,,,,,,,,,,,,,,,,,,,,,,,,,,,,,,,,,,,,,,,,,,,,,,,,,,,,,,,,,,,,,,,,,,,,,,,,,,,,,,,,,,,,,,,,,,,,,,,,,,,,,,,,,,,,,,,,,,,,,,,,,,,,,,,,,,,,,,,,,,,,,,,,,,,,,,,,,,,,,,,,,,,,,,,,,,,,,,,,,,,,,,,,,,,,,,,,,,,,,,,,,,,,,,,,,,,,,,,,,,,,,,,,,,,,,,,,,,,,,,,,,,,,,,,,,,,,,,,,,,,,,,,,,,,,,,,,,,,,,,,,,,,,,,,,,,,,,,,,,,,,,,,,,,,,,,,,,,,,,,,,,,,,,,,,,,,,,,,,,,,,,,,,,,,,,,,,,,,,,,,,,,,,,,,,,,,,,,,,,,,,,,,,,,,,,,,,,,,,,,,,,,,,,,,,,,,,,,,,,,,,,,,,,,,,,,,,,,,,,,,,,,,,,,,,,,,,,,,,,,,,,,,,,,,,,,,,,,,,,,,,,,,,,,,,,,,,,,,,,,,,,,,,,,,,,,,,,,,,,,,,,,,,,,,,,,,,,,,,,,,,,,,,,,,,,,,,,,,,,,,,,,,,,,,,,,,,,,,,,,,,,,,,,,,,,,,,,,,,,,,,,,,,,,,,,,,,,,,,,,,,,,,,,,,,,,,,,,,,,,,,,,,,,,,,,,,,,,,,,,,,,,,,,,,,,,,,,,,,,,,,,,
52,13,7,6.5690013,7.32E-04,7.12E-04,6.90E-04,6.64E-04,6.37E-04,6.08E-04,5.77E-04,5.44E-04,5.11E-04,4.78E-04,4.44E-04,4.11E-04,3.77E-04,3.44E-04,3.12E-04,2.81E-04,2.50E-04,2.20E-04,1.91E-04,1.62E-04,1.34E-04,1.07E-04,8.07E-05,5.49E-05,2.98E-05,5.27E-06,-1.85E-05,-4.14E-05,-6.34E-05,-8.44E-05,-1.04E-04,-1.23E-04,-1.40E-04,-1.56E-04,-1.70E-04,-1.82E-04,-1.92E-04,-2.01E-04,-2.08E-04,-2.14E-04,-2.18E-04,-2.20E-04,-2.21E-04,-2.21E-04,-2.20E-04,-2.18E-04,-2.15E-04,-2.11E-04,-2.07E-04,-2.02E-04,-1.98E-04,-1.92E-04,-1.87E-04,-1.81E-04,-1.75E-04,-1.69E-04,-1.63E-04,-1.56E-04,-1.49E-04,-1.41E-04,-1.33E-04,-1.24E-04,-1.16E-04,-1.06E-04,-9.69E-05,-8.71E-05,-7.72E-05,-6.72E-05,-5.73E-05,-4.75E-05,-3.80E-05,-2.88E-05,-2.00E-05,-1.18E-05,-4.04E-06,3.12E-06,9.69E-06,1.57E-05,2.11E-05,2.60E-05,3.04E-05,3.44E-05,3.79E-05,4.12E-05,4.42E-05,4.70E-05,4.97E-05,5.21E-05,5.44E-05,5.65E-05,5.85E-05,6.03E-05,6.19E-05,6.32E-05,6.42E-05,6.49E-05,6.52E-05,6.51E-05,6.46E-05,6.37E-05,,,,,,,,,,,,,,,,,,,,,,,,,,,,,,,,,,,,,,,,,,,,,,,,,,,,,,,,,,,,,,,,,,,,,,,,,,,,,,,,,,,,,,,,,,,,,,,,,,,,,,,,,,,,,,,,,,,,,,,,,,,,,,,,,,,,,,,,,,,,,,,,,,,,,,,,,,,,,,,,,,,,,,,,,,,,,,,,,,,,,,,,,,,,,,,,,,,,,,,,,,,,,,,,,,,,,,,,,,,,,,,,,,,,,,,,,,,,,,,,,,,,,,,,,,,,,,,,,,,,,,,,,,,,,,,,,,,,,,,,,,,,,,,,,,,,,,,,,,,,,,,,,,,,,,,,,,,,,,,,,,,,,,,,,,,,,,,,,,,,,,,,,,,,,,,,,,,,,,,,,,,,,,,,,,,,,,,,,,,,,,,,,,,,,,,,,,,,,,,,,,,,,,,,,,,,,,,,,,,,,,,,,,,,,,,,,,,,,,,,,,,,,,,,,,,,,,,,,,,,,,,,,,,,,,,,,,,,,,,,,,,,,,,,,,,,,,,,,,,,,,,,,,,,,,,,,,,,,,,,,,,,,,,,,,,,,,,,,,,,,,,,,,,,,,,,,,,,,,,,,,,,,,,,,,,,,,,,,,,,,,,,,,,,,,,,,,,,,,,,,,,,,,,,,,,,,,,,,,,,,,,,,,,,,,,,,,,,,,,,,,,,,,,,,,,,,,,,,,,,,,,,,,,,,,,,,,,,,,,,,,,,,,,,,,,,,,,,,,,,,,,,,,,,,,,,,,,,,,,,,,,,,,,,,,,,,,,
53,13,9,6.45789987,1.52E-02,1.48E-02,1.44E-02,1.38E-02,1.33E-02,1.27E-02,1.20E-02,1.14E-02,1.07E-02,9.98E-03,9.28E-03,8.59E-03,7.90E-03,7.22E-03,6.55E-03,5.90E-03,5.26E-03,4.64E-03,4.04E-03,3.45E-03,2.87E-03,2.30E-03,1.75E-03,1.21E-03,6.85E-04,1.71E-04,-3.28E-04,-8.11E-04,-1.28E-03,-1.72E-03,-2.14E-03,-2.53E-03,-2.90E-03,-3.23E-03,-3.53E-03,-3.80E-03,-4.03E-03,-4.22E-03,-4.37E-03,-4.49E-03,-4.58E-03,-4.63E-03,-4.66E-03,-4.66E-03,-4.63E-03,-4.59E-03,-4.53E-03,-4.46E-03,-4.37E-03,-4.28E-03,-4.17E-03,-4.07E-03,-3.95E-03,-3.83E-03,-3.70E-03,-3.57E-03,-3.43E-03,-3.29E-03,-3.13E-03,-2.97E-03,-2.79E-03,-2.61E-03,-2.42E-03,-2.23E-03,-2.03E-03,-1.82E-03,-1.61E-03,-1.40E-03,-1.19E-03,-9.78E-04,-7.76E-04,-5.83E-04,-3.98E-04,-2.24E-04,-6.17E-05,8.81E-05,2.25E-04,3.49E-04,4.62E-04,5.62E-04,6.53E-04,7.34E-04,8.07E-04,8.73E-04,9.34E-04,9.91E-04,1.04E-03,1.09E-03,1.14E-03,1.18E-03,1.22E-03,1.26E-03,1.29E-03,1.31E-03,1.33E-03,1.35E-03,1.35E-03,1.35E-03,1.34E-03,1.32E-03,,,,,,,,,,,,,,,,,,,,,,,,,,,,,,,,,,,,,,,,,,,,,,,,,,,,,,,,,,,,,,,,,,,,,,,,,,,,,,,,,,,,,,,,,,,,,,,,,,,,,,,,,,,,,,,,,,,,,,,,,,,,,,,,,,,,,,,,,,,,,,,,,,,,,,,,,,,,,,,,,,,,,,,,,,,,,,,,,,,,,,,,,,,,,,,,,,,,,,,,,,,,,,,,,,,,,,,,,,,,,,,,,,,,,,,,,,,,,,,,,,,,,,,,,,,,,,,,,,,,,,,,,,,,,,,,,,,,,,,,,,,,,,,,,,,,,,,,,,,,,,,,,,,,,,,,,,,,,,,,,,,,,,,,,,,,,,,,,,,,,,,,,,,,,,,,,,,,,,,,,,,,,,,,,,,,,,,,,,,,,,,,,,,,,,,,,,,,,,,,,,,,,,,,,,,,,,,,,,,,,,,,,,,,,,,,,,,,,,,,,,,,,,,,,,,,,,,,,,,,,,,,,,,,,,,,,,,,,,,,,,,,,,,,,,,,,,,,,,,,,,,,,,,,,,,,,,,,,,,,,,,,,,,,,,,,,,,,,,,,,,,,,,,,,,,,,,,,,,,,,,,,,,,,,,,,,,,,,,,,,,,,,,,,,,,,,,,,,,,,,,,,,,,,,,,,,,,,,,,,,,,,,,,,,,,,,,,,,,,,,,,,,,,,,,,,,,,,,,,,,,,,,,,,,,,,,,,,,,,,,,,,,,,,,,,,,,,,,,,,,,,,,,,,,,,,,,,,,,,,,,,,,,,,,,,,,,,
54,13,11,6.30472715,1.16E-01,1.13E-01,1.09E-01,1.05E-01,1.01E-01,9.63E-02,9.14E-02,8.62E-02,8.10E-02,7.56E-02,7.03E-02,6.50E-02,5.97E-02,5.46E-02,4.95E-02,4.46E-02,3.98E-02,3.52E-02,3.06E-02,2.62E-02,2.19E-02,1.77E-02,1.35E-02,9.45E-03,5.47E-03,1.57E-03,-2.24E-03,-5.94E-03,-9.51E-03,-1.29E-02,-1.62E-02,-1.92E-02,-2.21E-02,-2.47E-02,-2.70E-02,-2.90E-02,-3.08E-02,-3.23E-02,-3.34E-02,-3.43E-02,-3.50E-02,-3.53E-02,-3.55E-02,-3.54E-02,-3.52E-02,-3.48E-02,-3.43E-02,-3.37E-02,-3.31E-02,-3.23E-02,-3.15E-02,-3.07E-02,-2.99E-02,-2.90E-02,-2.81E-02,-2.71E-02,-2.61E-02,-2.50E-02,-2.39E-02,-2.27E-02,-2.14E-02,-2.00E-02,-1.86E-02,-1.71E-02,-1.55E-02,-1.39E-02,-1.23E-02,-1.07E-02,-9.03E-03,-7.42E-03,-5.86E-03,-4.35E-03,-2.92E-03,-1.58E-03,-3.36E-04,8.05E-04,1.84E-03,2.77E-03,3.60E-03,4.34E-03,5.00E-03,5.59E-03,6.11E-03,6.59E-03,7.03E-03,7.43E-03,7.82E-03,8.19E-03,8.54E-03,8.87E-03,9.19E-03,9.48E-03,9.74E-03,9.97E-03,1.01E-02,1.03E-02,1.03E-02,1.03E-02,1.03E-02,1.01E-02,,,,,,,,,,,,,,,,,,,,,,,,,,,,,,,,,,,,,,,,,,,,,,,,,,,,,,,,,,,,,,,,,,,,,,,,,,,,,,,,,,,,,,,,,,,,,,,,,,,,,,,,,,,,,,,,,,,,,,,,,,,,,,,,,,,,,,,,,,,,,,,,,,,,,,,,,,,,,,,,,,,,,,,,,,,,,,,,,,,,,,,,,,,,,,,,,,,,,,,,,,,,,,,,,,,,,,,,,,,,,,,,,,,,,,,,,,,,,,,,,,,,,,,,,,,,,,,,,,,,,,,,,,,,,,,,,,,,,,,,,,,,,,,,,,,,,,,,,,,,,,,,,,,,,,,,,,,,,,,,,,,,,,,,,,,,,,,,,,,,,,,,,,,,,,,,,,,,,,,,,,,,,,,,,,,,,,,,,,,,,,,,,,,,,,,,,,,,,,,,,,,,,,,,,,,,,,,,,,,,,,,,,,,,,,,,,,,,,,,,,,,,,,,,,,,,,,,,,,,,,,,,,,,,,,,,,,,,,,,,,,,,,,,,,,,,,,,,,,,,,,,,,,,,,,,,,,,,,,,,,,,,,,,,,,,,,,,,,,,,,,,,,,,,,,,,,,,,,,,,,,,,,,,,,,,,,,,,,,,,,,,,,,,,,,,,,,,,,,,,,,,,,,,,,,,,,,,,,,,,,,,,,,,,,,,,,,,,,,,,,,,,,,,,,,,,,,,,,,,,,,,,,,,,,,,,,,,,,,,,,,,,,,,,,,,,,,,,,,,,,,,,,,,,,,,,,,,,,,,,,,,,,,,,,,,,,,,
55,13,13,6.112122,3.23E-01,3.14E-01,3.04E-01,2.92E-01,2.80E-01,2.66E-01,2.52E-01,2.37E-01,2.22E-01,2.07E-01,1.92E-01,1.77E-01,1.62E-01,1.48E-01,1.35E-01,1.21E-01,1.08E-01,9.61E-02,8.41E-02,7.24E-02,6.09E-02,4.97E-02,3.87E-02,2.77E-02,1.69E-02,6.16E-03,-4.42E-03,-1.48E-02,-2.49E-02,-3.47E-02,-4.41E-02,-5.29E-02,-6.12E-02,-6.87E-02,-7.55E-02,-8.14E-02,-8.64E-02,-9.05E-02,-9.37E-02,-9.61E-02,-9.76E-02,-9.84E-02,-9.85E-02,-9.80E-02,-9.70E-02,-9.56E-02,-9.39E-02,-9.20E-02,-8.99E-02,-8.78E-02,-8.56E-02,-8.34E-02,-8.12E-02,-7.90E-02,-7.67E-02,-7.43E-02,-7.18E-02,-6.91E-02,-6.63E-02,-6.32E-02,-5.99E-02,-5.62E-02,-5.24E-02,-4.82E-02,-4.39E-02,-3.93E-02,-3.46E-02,-2.99E-02,-2.51E-02,-2.04E-02,-1.58E-02,-1.15E-02,-7.34E-03,-3.50E-03,5.46E-07,3.16E-03,5.97E-03,8.44E-03,1.06E-02,1.25E-02,1.41E-02,1.55E-02,1.67E-02,1.78E-02,1.88E-02,1.98E-02,2.08E-02,2.18E-02,2.27E-02,2.37E-02,2.47E-02,2.57E-02,2.65E-02,2.73E-02,2.80E-02,2.86E-02,2.89E-02,2.90E-02,2.89E-02,2.86E-02,,,,,,,,,,,,,,,,,,,,,,,,,,,,,,,,,,,,,,,,,,,,,,,,,,,,,,,,,,,,,,,,,,,,,,,,,,,,,,,,,,,,,,,,,,,,,,,,,,,,,,,,,,,,,,,,,,,,,,,,,,,,,,,,,,,,,,,,,,,,,,,,,,,,,,,,,,,,,,,,,,,,,,,,,,,,,,,,,,,,,,,,,,,,,,,,,,,,,,,,,,,,,,,,,,,,,,,,,,,,,,,,,,,,,,,,,,,,,,,,,,,,,,,,,,,,,,,,,,,,,,,,,,,,,,,,,,,,,,,,,,,,,,,,,,,,,,,,,,,,,,,,,,,,,,,,,,,,,,,,,,,,,,,,,,,,,,,,,,,,,,,,,,,,,,,,,,,,,,,,,,,,,,,,,,,,,,,,,,,,,,,,,,,,,,,,,,,,,,,,,,,,,,,,,,,,,,,,,,,,,,,,,,,,,,,,,,,,,,,,,,,,,,,,,,,,,,,,,,,,,,,,,,,,,,,,,,,,,,,,,,,,,,,,,,,,,,,,,,,,,,,,,,,,,,,,,,,,,,,,,,,,,,,,,,,,,,,,,,,,,,,,,,,,,,,,,,,,,,,,,,,,,,,,,,,,,,,,,,,,,,,,,,,,,,,,,,,,,,,,,,,,,,,,,,,,,,,,,,,,,,,,,,,,,,,,,,,,,,,,,,,,,,,,,,,,,,,,,,,,,,,,,,,,,,,,,,,,,,,,,,,,,,,,,,,,,,,,,,,,,,,,,,,,,,,,,,,,,,,,,,,,,,,,,,,,,,,
56,13,15,5.88360696,3.29E-01,3.20E-01,3.09E-01,2.97E-01,2.83E-01,2.68E-01,2.52E-01,2.36E-01,2.20E-01,2.04E-01,1.88E-01,1.72E-01,1.57E-01,1.43E-01,1.30E-01,1.17E-01,1.05E-01,9.40E-02,8.32E-02,7.27E-02,6.24E-02,5.21E-02,4.19E-02,3.15E-02,2.11E-02,1.04E-02,-3.39E-04,-1.12E-02,-2.19E-02,-3.26E-02,-4.29E-02,-5.27E-02,-6.19E-02,-7.03E-02,-7.79E-02,-8.44E-02,-8.98E-02,-9.41E-02,-9.73E-02,-9.94E-02,-1.00E-01,-1.01E-01,-9.99E-02,-9.86E-02,-9.68E-02,-9.46E-02,-9.22E-02,-8.97E-02,-8.72E-02,-8.48E-02,-8.26E-02,-8.05E-02,-7.86E-02,-7.68E-02,-7.51E-02,-7.34E-02,-7.16E-02,-6.97E-02,-6.75E-02,-6.49E-02,-6.20E-02,-5.87E-02,-5.49E-02,-5.08E-02,-4.62E-02,-4.13E-02,-3.62E-02,-3.09E-02,-2.55E-02,-2.03E-02,-1.51E-02,-1.02E-02,-5.67E-03,-1.53E-03,2.15E-03,5.35E-03,8.07E-03,1.03E-02,1.21E-02,1.36E-02,1.47E-02,1.56E-02,1.63E-02,1.70E-02,1.76E-02,1.83E-02,1.90E-02,1.99E-02,2.09E-02,2.20E-02,2.33E-02,2.45E-02,2.58E-02,2.70E-02,2.81E-02,2.91E-02,2.98E-02,3.02E-02,3.04E-02,3.02E-02,,,,,,,,,,,,,,,,,,,,,,,,,,,,,,,,,,,,,,,,,,,,,,,,,,,,,,,,,,,,,,,,,,,,,,,,,,,,,,,,,,,,,,,,,,,,,,,,,,,,,,,,,,,,,,,,,,,,,,,,,,,,,,,,,,,,,,,,,,,,,,,,,,,,,,,,,,,,,,,,,,,,,,,,,,,,,,,,,,,,,,,,,,,,,,,,,,,,,,,,,,,,,,,,,,,,,,,,,,,,,,,,,,,,,,,,,,,,,,,,,,,,,,,,,,,,,,,,,,,,,,,,,,,,,,,,,,,,,,,,,,,,,,,,,,,,,,,,,,,,,,,,,,,,,,,,,,,,,,,,,,,,,,,,,,,,,,,,,,,,,,,,,,,,,,,,,,,,,,,,,,,,,,,,,,,,,,,,,,,,,,,,,,,,,,,,,,,,,,,,,,,,,,,,,,,,,,,,,,,,,,,,,,,,,,,,,,,,,,,,,,,,,,,,,,,,,,,,,,,,,,,,,,,,,,,,,,,,,,,,,,,,,,,,,,,,,,,,,,,,,,,,,,,,,,,,,,,,,,,,,,,,,,,,,,,,,,,,,,,,,,,,,,,,,,,,,,,,,,,,,,,,,,,,,,,,,,,,,,,,,,,,,,,,,,,,,,,,,,,,,,,,,,,,,,,,,,,,,,,,,,,,,,,,,,,,,,,,,,,,,,,,,,,,,,,,,,,,,,,,,,,,,,,,,,,,,,,,,,,,,,,,,,,,,,,,,,,,,,,,,,,,,,,,,,,,,,,,,,,,,,,,,,,,,,,,,,,
57,15,1,5.62344124,4.29E-08,4.17E-08,3.99E-08,3.75E-08,3.47E-08,3.14E-08,2.77E-08,2.38E-08,1.96E-08,1.53E-08,1.09E-08,6.47E-09,2.14E-09,-2.05E-09,-6.04E-09,-9.78E-09,-1.32E-08,-1.63E-08,-1.90E-08,-2.13E-08,-2.32E-08,-2.46E-08,-2.56E-08,-2.62E-08,-2.63E-08,-2.60E-08,-2.53E-08,-2.42E-08,-2.27E-08,-2.10E-08,-1.90E-08,-1.68E-08,-1.44E-08,-1.19E-08,-9.25E-09,-6.58E-09,-3.92E-09,-1.30E-09,1.24E-09,3.66E-09,5.93E-09,8.01E-09,9.89E-09,1.15E-08,1.29E-08,1.41E-08,1.49E-08,1.55E-08,1.59E-08,1.59E-08,1.57E-08,1.53E-08,1.46E-08,1.38E-08,1.27E-08,1.15E-08,1.02E-08,8.72E-09,7.18E-09,5.59E-09,3.97E-09,2.36E-09,7.69E-10,-7.70E-10,-2.24E-09,-3.61E-09,-4.87E-09,-6.01E-09,-7.01E-09,-7.85E-09,-8.54E-09,-9.07E-09,-9.43E-09,-9.63E-09,-9.67E-09,-9.55E-09,-9.29E-09,-8.89E-09,-8.36E-09,-7.72E-09,-6.99E-09,-6.17E-09,-5.29E-09,-4.36E-09,-3.39E-09,-2.41E-09,-1.43E-09,-4.68E-10,4.67E-10,1.36E-09,2.19E-09,2.96E-09,3.65E-09,4.25E-09,4.77E-09,5.18E-09,5.50E-09,5.72E-09,5.85E-09,5.87E-09,,,,,,,,,,,,,,,,,,,,,,,,,,,,,,,,,,,,,,,,,,,,,,,,,,,,,,,,,,,,,,,,,,,,,,,,,,,,,,,,,,,,,,,,,,,,,,,,,,,,,,,,,,,,,,,,,,,,,,,,,,,,,,,,,,,,,,,,,,,,,,,,,,,,,,,,,,,,,,,,,,,,,,,,,,,,,,,,,,,,,,,,,,,,,,,,,,,,,,,,,,,,,,,,,,,,,,,,,,,,,,,,,,,,,,,,,,,,,,,,,,,,,,,,,,,,,,,,,,,,,,,,,,,,,,,,,,,,,,,,,,,,,,,,,,,,,,,,,,,,,,,,,,,,,,,,,,,,,,,,,,,,,,,,,,,,,,,,,,,,,,,,,,,,,,,,,,,,,,,,,,,,,,,,,,,,,,,,,,,,,,,,,,,,,,,,,,,,,,,,,,,,,,,,,,,,,,,,,,,,,,,,,,,,,,,,,,,,,,,,,,,,,,,,,,,,,,,,,,,,,,,,,,,,,,,,,,,,,,,,,,,,,,,,,,,,,,,,,,,,,,,,,,,,,,,,,,,,,,,,,,,,,,,,,,,,,,,,,,,,,,,,,,,,,,,,,,,,,,,,,,,,,,,,,,,,,,,,,,,,,,,,,,,,,,,,,,,,,,,,,,,,,,,,,,,,,,,,,,,,,,,,,,,,,,,,,,,,,,,,,,,,,,,,,,,,,,,,,,,,,,,,,,,,,,,,,,,,,,,,,,,,,,,,,,,,,,,,,,,,,,,,,,,,,,,,,,,,,,,,,,,,,,,,,,,,,,,
58,15,3,5.33645579,1.57E-07,1.53E-07,1.47E-07,1.39E-07,1.29E-07,1.18E-07,1.06E-07,9.27E-08,7.88E-08,6.45E-08,4.99E-08,3.53E-08,2.08E-08,6.85E-09,-6.55E-09,-1.92E-08,-3.08E-08,-4.15E-08,-5.09E-08,-5.91E-08,-6.59E-08,-7.13E-08,-7.54E-08,-7.80E-08,-7.93E-08,-7.93E-08,-7.80E-08,-7.55E-08,-7.19E-08,-6.73E-08,-6.19E-08,-5.58E-08,-4.90E-08,-4.18E-08,-3.43E-08,-2.66E-08,-1.89E-08,-1.12E-08,-3.70E-09,3.46E-09,1.02E-08,1.64E-08,2.20E-08,2.70E-08,3.13E-08,3.48E-08,3.75E-08,3.94E-08,4.05E-08,4.09E-08,4.05E-08,3.93E-08,3.75E-08,3.51E-08,3.22E-08,2.88E-08,2.50E-08,2.08E-08,1.65E-08,1.19E-08,7.34E-09,2.75E-09,-1.77E-09,-6.12E-09,-1.03E-08,-1.41E-08,-1.76E-08,-2.08E-08,-2.35E-08,-2.57E-08,-2.75E-08,-2.88E-08,-2.96E-08,-2.99E-08,-2.98E-08,-2.92E-08,-2.81E-08,-2.66E-08,-2.48E-08,-2.27E-08,-2.02E-08,-1.76E-08,-1.47E-08,-1.17E-08,-8.63E-09,-5.51E-09,-2.41E-09,6.26E-10,3.56E-09,6.34E-09,8.95E-09,1.13E-08,1.35E-08,1.53E-08,1.69E-08,1.82E-08,1.91E-08,1.98E-08,2.01E-08,2.02E-08,,,,,,,,,,,,,,,,,,,,,,,,,,,,,,,,,,,,,,,,,,,,,,,,,,,,,,,,,,,,,,,,,,,,,,,,,,,,,,,,,,,,,,,,,,,,,,,,,,,,,,,,,,,,,,,,,,,,,,,,,,,,,,,,,,,,,,,,,,,,,,,,,,,,,,,,,,,,,,,,,,,,,,,,,,,,,,,,,,,,,,,,,,,,,,,,,,,,,,,,,,,,,,,,,,,,,,,,,,,,,,,,,,,,,,,,,,,,,,,,,,,,,,,,,,,,,,,,,,,,,,,,,,,,,,,,,,,,,,,,,,,,,,,,,,,,,,,,,,,,,,,,,,,,,,,,,,,,,,,,,,,,,,,,,,,,,,,,,,,,,,,,,,,,,,,,,,,,,,,,,,,,,,,,,,,,,,,,,,,,,,,,,,,,,,,,,,,,,,,,,,,,,,,,,,,,,,,,,,,,,,,,,,,,,,,,,,,,,,,,,,,,,,,,,,,,,,,,,,,,,,,,,,,,,,,,,,,,,,,,,,,,,,,,,,,,,,,,,,,,,,,,,,,,,,,,,,,,,,,,,,,,,,,,,,,,,,,,,,,,,,,,,,,,,,,,,,,,,,,,,,,,,,,,,,,,,,,,,,,,,,,,,,,,,,,,,,,,,,,,,,,,,,,,,,,,,,,,,,,,,,,,,,,,,,,,,,,,,,,,,,,,,,,,,,,,,,,,,,,,,,,,,,,,,,,,,,,,,,,,,,,,,,,,,,,,,,,,,,,,,,,,,,,,,,,,,,,,,,,,,,,,,,,,,,,,,,,
59,15,5,5.02787752,4.92E-06,4.79E-06,4.64E-06,4.48E-06,4.30E-06,4.11E-06,3.91E-06,3.70E-06,3.48E-06,3.26E-06,3.03E-06,2.80E-06,2.57E-06,2.34E-06,2.11E-06,1.88E-06,1.66E-06,1.44E-06,1.22E-06,1.01E-06,8.07E-07,6.11E-07,4.22E-07,2.42E-07,6.99E-08,-9.28E-08,-2.46E-07,-3.90E-07,-5.24E-07,-6.49E-07,-7.63E-07,-8.68E-07,-9.63E-07,-1.05E-06,-1.12E-06,-1.19E-06,-1.25E-06,-1.30E-06,-1.34E-06,-1.37E-06,-1.40E-06,-1.41E-06,-1.42E-06,-1.43E-06,-1.42E-06,-1.42E-06,-1.40E-06,-1.38E-06,-1.36E-06,-1.33E-06,-1.30E-06,-1.27E-06,-1.23E-06,-1.19E-06,-1.15E-06,-1.10E-06,-1.05E-06,-1.00E-06,-9.52E-07,-8.99E-07,-8.45E-07,-7.90E-07,-7.35E-07,-6.78E-07,-6.22E-07,-5.65E-07,-5.08E-07,-4.52E-07,-3.96E-07,-3.41E-07,-2.86E-07,-2.33E-07,-1.81E-07,-1.30E-07,-8.11E-08,-3.37E-08,1.18E-08,5.55E-08,9.70E-08,1.36E-07,1.74E-07,2.08E-07,2.41E-07,2.71E-07,2.99E-07,3.24E-07,3.47E-07,3.67E-07,3.85E-07,4.00E-07,4.13E-07,4.23E-07,4.31E-07,4.36E-07,4.39E-07,4.40E-07,4.39E-07,4.35E-07,4.30E-07,4.22E-07,,,,,,,,,,,,,,,,,,,,,,,,,,,,,,,,,,,,,,,,,,,,,,,,,,,,,,,,,,,,,,,,,,,,,,,,,,,,,,,,,,,,,,,,,,,,,,,,,,,,,,,,,,,,,,,,,,,,,,,,,,,,,,,,,,,,,,,,,,,,,,,,,,,,,,,,,,,,,,,,,,,,,,,,,,,,,,,,,,,,,,,,,,,,,,,,,,,,,,,,,,,,,,,,,,,,,,,,,,,,,,,,,,,,,,,,,,,,,,,,,,,,,,,,,,,,,,,,,,,,,,,,,,,,,,,,,,,,,,,,,,,,,,,,,,,,,,,,,,,,,,,,,,,,,,,,,,,,,,,,,,,,,,,,,,,,,,,,,,,,,,,,,,,,,,,,,,,,,,,,,,,,,,,,,,,,,,,,,,,,,,,,,,,,,,,,,,,,,,,,,,,,,,,,,,,,,,,,,,,,,,,,,,,,,,,,,,,,,,,,,,,,,,,,,,,,,,,,,,,,,,,,,,,,,,,,,,,,,,,,,,,,,,,,,,,,,,,,,,,,,,,,,,,,,,,,,,,,,,,,,,,,,,,,,,,,,,,,,,,,,,,,,,,,,,,,,,,,,,,,,,,,,,,,,,,,,,,,,,,,,,,,,,,,,,,,,,,,,,,,,,,,,,,,,,,,,,,,,,,,,,,,,,,,,,,,,,,,,,,,,,,,,,,,,,,,,,,,,,,,,,,,,,,,,,,,,,,,,,,,,,,,,,,,,,,,,,,,,,,,,,,,,,,,,,,,,,,,,,,,,,,,,,,,,,,,,,,
60,15,7,4.7031503,3.08E-04,3.00E-04,2.90E-04,2.80E-04,2.70E-04,2.58E-04,2.46E-04,2.34E-04,2.21E-04,2.07E-04,1.94E-04,1.80E-04,1.66E-04,1.52E-04,1.38E-04,1.24E-04,1.10E-04,9.67E-05,8.34E-05,7.04E-05,5.76E-05,4.53E-05,3.33E-05,2.18E-05,1.07E-05,1.20E-07,-9.97E-06,-1.95E-05,-2.85E-05,-3.70E-05,-4.49E-05,-5.22E-05,-5.89E-05,-6.50E-05,-7.05E-05,-7.55E-05,-7.98E-05,-8.36E-05,-8.68E-05,-8.95E-05,-9.16E-05,-9.32E-05,-9.43E-05,-9.50E-05,-9.51E-05,-9.49E-05,-9.42E-05,-9.32E-05,-9.18E-05,-9.00E-05,-8.80E-05,-8.56E-05,-8.30E-05,-8.02E-05,-7.71E-05,-7.39E-05,-7.05E-05,-6.69E-05,-6.32E-05,-5.95E-05,-5.56E-05,-5.17E-05,-4.77E-05,-4.37E-05,-3.97E-05,-3.57E-05,-3.17E-05,-2.78E-05,-2.39E-05,-2.02E-05,-1.65E-05,-1.29E-05,-9.48E-06,-6.15E-06,-2.97E-06,6.81E-08,2.95E-06,5.68E-06,8.24E-06,1.06E-05,1.29E-05,1.49E-05,1.68E-05,1.86E-05,2.01E-05,2.15E-05,2.28E-05,2.38E-05,2.48E-05,2.55E-05,2.62E-05,2.67E-05,2.70E-05,2.72E-05,2.73E-05,2.72E-05,2.71E-05,2.68E-05,2.64E-05,2.59E-05,,,,,,,,,,,,,,,,,,,,,,,,,,,,,,,,,,,,,,,,,,,,,,,,,,,,,,,,,,,,,,,,,,,,,,,,,,,,,,,,,,,,,,,,,,,,,,,,,,,,,,,,,,,,,,,,,,,,,,,,,,,,,,,,,,,,,,,,,,,,,,,,,,,,,,,,,,,,,,,,,,,,,,,,,,,,,,,,,,,,,,,,,,,,,,,,,,,,,,,,,,,,,,,,,,,,,,,,,,,,,,,,,,,,,,,,,,,,,,,,,,,,,,,,,,,,,,,,,,,,,,,,,,,,,,,,,,,,,,,,,,,,,,,,,,,,,,,,,,,,,,,,,,,,,,,,,,,,,,,,,,,,,,,,,,,,,,,,,,,,,,,,,,,,,,,,,,,,,,,,,,,,,,,,,,,,,,,,,,,,,,,,,,,,,,,,,,,,,,,,,,,,,,,,,,,,,,,,,,,,,,,,,,,,,,,,,,,,,,,,,,,,,,,,,,,,,,,,,,,,,,,,,,,,,,,,,,,,,,,,,,,,,,,,,,,,,,,,,,,,,,,,,,,,,,,,,,,,,,,,,,,,,,,,,,,,,,,,,,,,,,,,,,,,,,,,,,,,,,,,,,,,,,,,,,,,,,,,,,,,,,,,,,,,,,,,,,,,,,,,,,,,,,,,,,,,,,,,,,,,,,,,,,,,,,,,,,,,,,,,,,,,,,,,,,,,,,,,,,,,,,,,,,,,,,,,,,,,,,,,,,,,,,,,,,,,,,,,,,,,,,,,,,,,,,,,,,,,,,,,,,,,,,,,,,,,,,,
61,15,9,4.36776051,7.22E-03,7.03E-03,6.81E-03,6.58E-03,6.32E-03,6.05E-03,5.77E-03,5.48E-03,5.17E-03,4.86E-03,4.54E-03,4.22E-03,3.89E-03,3.56E-03,3.23E-03,2.91E-03,2.59E-03,2.27E-03,1.96E-03,1.65E-03,1.35E-03,1.06E-03,7.83E-04,5.12E-04,2.53E-04,4.31E-06,-2.32E-04,-4.57E-04,-6.68E-04,-8.66E-04,-1.05E-03,-1.22E-03,-1.38E-03,-1.52E-03,-1.65E-03,-1.77E-03,-1.87E-03,-1.96E-03,-2.04E-03,-2.10E-03,-2.15E-03,-2.19E-03,-2.21E-03,-2.23E-03,-2.23E-03,-2.23E-03,-2.21E-03,-2.19E-03,-2.15E-03,-2.11E-03,-2.06E-03,-2.01E-03,-1.95E-03,-1.88E-03,-1.81E-03,-1.73E-03,-1.65E-03,-1.57E-03,-1.48E-03,-1.39E-03,-1.30E-03,-1.21E-03,-1.12E-03,-1.02E-03,-9.30E-04,-8.37E-04,-7.44E-04,-6.52E-04,-5.61E-04,-4.73E-04,-3.87E-04,-3.03E-04,-2.22E-04,-1.44E-04,-6.90E-05,2.21E-06,6.98E-05,1.34E-04,1.94E-04,2.50E-04,3.02E-04,3.51E-04,3.95E-04,4.35E-04,4.72E-04,5.05E-04,5.34E-04,5.59E-04,5.81E-04,5.99E-04,6.13E-04,6.25E-04,6.33E-04,6.38E-04,6.40E-04,6.38E-04,6.35E-04,6.28E-04,6.19E-04,6.07E-04,,,,,,,,,,,,,,,,,,,,,,,,,,,,,,,,,,,,,,,,,,,,,,,,,,,,,,,,,,,,,,,,,,,,,,,,,,,,,,,,,,,,,,,,,,,,,,,,,,,,,,,,,,,,,,,,,,,,,,,,,,,,,,,,,,,,,,,,,,,,,,,,,,,,,,,,,,,,,,,,,,,,,,,,,,,,,,,,,,,,,,,,,,,,,,,,,,,,,,,,,,,,,,,,,,,,,,,,,,,,,,,,,,,,,,,,,,,,,,,,,,,,,,,,,,,,,,,,,,,,,,,,,,,,,,,,,,,,,,,,,,,,,,,,,,,,,,,,,,,,,,,,,,,,,,,,,,,,,,,,,,,,,,,,,,,,,,,,,,,,,,,,,,,,,,,,,,,,,,,,,,,,,,,,,,,,,,,,,,,,,,,,,,,,,,,,,,,,,,,,,,,,,,,,,,,,,,,,,,,,,,,,,,,,,,,,,,,,,,,,,,,,,,,,,,,,,,,,,,,,,,,,,,,,,,,,,,,,,,,,,,,,,,,,,,,,,,,,,,,,,,,,,,,,,,,,,,,,,,,,,,,,,,,,,,,,,,,,,,,,,,,,,,,,,,,,,,,,,,,,,,,,,,,,,,,,,,,,,,,,,,,,,,,,,,,,,,,,,,,,,,,,,,,,,,,,,,,,,,,,,,,,,,,,,,,,,,,,,,,,,,,,,,,,,,,,,,,,,,,,,,,,,,,,,,,,,,,,,,,,,,,,,,,,,,,,,,,,,,,,,,,,,,,,,,,,,,,,,,,,,,,,,,,,,,,,,,,
62,15,11,4.02707269,6.14E-02,5.98E-02,5.80E-02,5.60E-02,5.38E-02,5.15E-02,4.91E-02,4.66E-02,4.40E-02,4.13E-02,3.86E-02,3.58E-02,3.31E-02,3.03E-02,2.75E-02,2.47E-02,2.20E-02,1.93E-02,1.66E-02,1.40E-02,1.15E-02,9.05E-03,6.67E-03,4.37E-03,2.16E-03,4.86E-05,-1.96E-03,-3.87E-03,-5.67E-03,-7.36E-03,-8.94E-03,-1.04E-02,-1.17E-02,-1.30E-02,-1.41E-02,-1.51E-02,-1.59E-02,-1.67E-02,-1.73E-02,-1.79E-02,-1.83E-02,-1.86E-02,-1.88E-02,-1.90E-02,-1.90E-02,-1.89E-02,-1.88E-02,-1.86E-02,-1.83E-02,-1.80E-02,-1.75E-02,-1.71E-02,-1.66E-02,-1.60E-02,-1.54E-02,-1.47E-02,-1.41E-02,-1.34E-02,-1.26E-02,-1.19E-02,-1.11E-02,-1.03E-02,-9.52E-03,-8.72E-03,-7.92E-03,-7.12E-03,-6.33E-03,-5.55E-03,-4.78E-03,-4.02E-03,-3.29E-03,-2.57E-03,-1.88E-03,-1.22E-03,-5.81E-04,2.49E-05,6.00E-04,1.14E-03,1.65E-03,2.13E-03,2.57E-03,2.98E-03,3.36E-03,3.70E-03,4.01E-03,4.29E-03,4.53E-03,4.75E-03,4.93E-03,5.09E-03,5.21E-03,5.31E-03,5.38E-03,5.42E-03,5.44E-03,5.43E-03,5.40E-03,5.35E-03,5.27E-03,5.17E-03,,,,,,,,,,,,,,,,,,,,,,,,,,,,,,,,,,,,,,,,,,,,,,,,,,,,,,,,,,,,,,,,,,,,,,,,,,,,,,,,,,,,,,,,,,,,,,,,,,,,,,,,,,,,,,,,,,,,,,,,,,,,,,,,,,,,,,,,,,,,,,,,,,,,,,,,,,,,,,,,,,,,,,,,,,,,,,,,,,,,,,,,,,,,,,,,,,,,,,,,,,,,,,,,,,,,,,,,,,,,,,,,,,,,,,,,,,,,,,,,,,,,,,,,,,,,,,,,,,,,,,,,,,,,,,,,,,,,,,,,,,,,,,,,,,,,,,,,,,,,,,,,,,,,,,,,,,,,,,,,,,,,,,,,,,,,,,,,,,,,,,,,,,,,,,,,,,,,,,,,,,,,,,,,,,,,,,,,,,,,,,,,,,,,,,,,,,,,,,,,,,,,,,,,,,,,,,,,,,,,,,,,,,,,,,,,,,,,,,,,,,,,,,,,,,,,,,,,,,,,,,,,,,,,,,,,,,,,,,,,,,,,,,,,,,,,,,,,,,,,,,,,,,,,,,,,,,,,,,,,,,,,,,,,,,,,,,,,,,,,,,,,,,,,,,,,,,,,,,,,,,,,,,,,,,,,,,,,,,,,,,,,,,,,,,,,,,,,,,,,,,,,,,,,,,,,,,,,,,,,,,,,,,,,,,,,,,,,,,,,,,,,,,,,,,,,,,,,,,,,,,,,,,,,,,,,,,,,,,,,,,,,,,,,,,,,,,,,,,,,,,,,,,,,,,,,,,,,,,,,,,,,,,,,,,,,,,,
63,15,13,3.68618315,1.90E-01,1.85E-01,1.79E-01,1.73E-01,1.66E-01,1.59E-01,1.52E-01,1.44E-01,1.36E-01,1.27E-01,1.19E-01,1.11E-01,1.02E-01,9.33E-02,8.48E-02,7.63E-02,6.78E-02,5.95E-02,5.13E-02,4.34E-02,3.56E-02,2.80E-02,2.06E-02,1.36E-02,6.75E-03,2.36E-04,-5.98E-03,-1.19E-02,-1.74E-02,-2.27E-02,-2.76E-02,-3.21E-02,-3.63E-02,-4.01E-02,-4.35E-02,-4.65E-02,-4.92E-02,-5.16E-02,-5.36E-02,-5.52E-02,-5.65E-02,-5.75E-02,-5.81E-02,-5.85E-02,-5.86E-02,-5.84E-02,-5.80E-02,-5.73E-02,-5.64E-02,-5.53E-02,-5.41E-02,-5.26E-02,-5.10E-02,-4.93E-02,-4.74E-02,-4.55E-02,-4.34E-02,-4.12E-02,-3.90E-02,-3.67E-02,-3.43E-02,-3.19E-02,-2.94E-02,-2.70E-02,-2.45E-02,-2.20E-02,-1.96E-02,-1.71E-02,-1.47E-02,-1.24E-02,-1.01E-02,-7.91E-03,-5.77E-03,-3.72E-03,-1.75E-03,1.21E-04,1.89E-03,3.56E-03,5.13E-03,6.59E-03,7.95E-03,9.20E-03,1.04E-02,1.14E-02,1.24E-02,1.32E-02,1.40E-02,1.46E-02,1.52E-02,1.57E-02,1.61E-02,1.64E-02,1.66E-02,1.67E-02,1.68E-02,1.68E-02,1.67E-02,1.65E-02,1.63E-02,1.60E-02,,,,,,,,,,,,,,,,,,,,,,,,,,,,,,,,,,,,,,,,,,,,,,,,,,,,,,,,,,,,,,,,,,,,,,,,,,,,,,,,,,,,,,,,,,,,,,,,,,,,,,,,,,,,,,,,,,,,,,,,,,,,,,,,,,,,,,,,,,,,,,,,,,,,,,,,,,,,,,,,,,,,,,,,,,,,,,,,,,,,,,,,,,,,,,,,,,,,,,,,,,,,,,,,,,,,,,,,,,,,,,,,,,,,,,,,,,,,,,,,,,,,,,,,,,,,,,,,,,,,,,,,,,,,,,,,,,,,,,,,,,,,,,,,,,,,,,,,,,,,,,,,,,,,,,,,,,,,,,,,,,,,,,,,,,,,,,,,,,,,,,,,,,,,,,,,,,,,,,,,,,,,,,,,,,,,,,,,,,,,,,,,,,,,,,,,,,,,,,,,,,,,,,,,,,,,,,,,,,,,,,,,,,,,,,,,,,,,,,,,,,,,,,,,,,,,,,,,,,,,,,,,,,,,,,,,,,,,,,,,,,,,,,,,,,,,,,,,,,,,,,,,,,,,,,,,,,,,,,,,,,,,,,,,,,,,,,,,,,,,,,,,,,,,,,,,,,,,,,,,,,,,,,,,,,,,,,,,,,,,,,,,,,,,,,,,,,,,,,,,,,,,,,,,,,,,,,,,,,,,,,,,,,,,,,,,,,,,,,,,,,,,,,,,,,,,,,,,,,,,,,,,,,,,,,,,,,,,,,,,,,,,,,,,,,,,,,,,,,,,,,,,,,,,,,,,,,,,,,,,,,,,,,,,,,,,,,,
64,15,15,3.34979429,2.13E-01,2.07E-01,2.01E-01,1.94E-01,1.86E-01,1.78E-01,1.70E-01,1.61E-01,1.52E-01,1.42E-01,1.33E-01,1.23E-01,1.14E-01,1.04E-01,9.46E-02,8.51E-02,7.57E-02,6.65E-02,5.74E-02,4.85E-02,3.99E-02,3.14E-02,2.33E-02,1.54E-02,7.78E-03,4.92E-04,-6.47E-03,-1.31E-02,-1.94E-02,-2.53E-02,-3.08E-02,-3.59E-02,-4.06E-02,-4.49E-02,-4.88E-02,-5.23E-02,-5.53E-02,-5.79E-02,-6.01E-02,-6.20E-02,-6.34E-02,-6.44E-02,-6.51E-02,-6.55E-02,-6.55E-02,-6.53E-02,-6.48E-02,-6.40E-02,-6.30E-02,-6.18E-02,-6.03E-02,-5.87E-02,-5.70E-02,-5.51E-02,-5.30E-02,-5.08E-02,-4.86E-02,-4.62E-02,-4.37E-02,-4.11E-02,-3.85E-02,-3.58E-02,-3.31E-02,-3.03E-02,-2.75E-02,-2.48E-02,-2.20E-02,-1.92E-02,-1.65E-02,-1.39E-02,-1.13E-02,-8.79E-03,-6.37E-03,-4.05E-03,-1.84E-03,2.53E-04,2.23E-03,4.09E-03,5.83E-03,7.44E-03,8.93E-03,1.03E-02,1.16E-02,1.27E-02,1.38E-02,1.47E-02,1.55E-02,1.63E-02,1.69E-02,1.74E-02,1.79E-02,1.83E-02,1.85E-02,1.87E-02,1.88E-02,1.88E-02,1.87E-02,1.86E-02,1.83E-02,1.80E-02,,,,,,,,,,,,,,,,,,,,,,,,,,,,,,,,,,,,,,,,,,,,,,,,,,,,,,,,,,,,,,,,,,,,,,,,,,,,,,,,,,,,,,,,,,,,,,,,,,,,,,,,,,,,,,,,,,,,,,,,,,,,,,,,,,,,,,,,,,,,,,,,,,,,,,,,,,,,,,,,,,,,,,,,,,,,,,,,,,,,,,,,,,,,,,,,,,,,,,,,,,,,,,,,,,,,,,,,,,,,,,,,,,,,,,,,,,,,,,,,,,,,,,,,,,,,,,,,,,,,,,,,,,,,,,,,,,,,,,,,,,,,,,,,,,,,,,,,,,,,,,,,,,,,,,,,,,,,,,,,,,,,,,,,,,,,,,,,,,,,,,,,,,,,,,,,,,,,,,,,,,,,,,,,,,,,,,,,,,,,,,,,,,,,,,,,,,,,,,,,,,,,,,,,,,,,,,,,,,,,,,,,,,,,,,,,,,,,,,,,,,,,,,,,,,,,,,,,,,,,,,,,,,,,,,,,,,,,,,,,,,,,,,,,,,,,,,,,,,,,,,,,,,,,,,,,,,,,,,,,,,,,,,,,,,,,,,,,,,,,,,,,,,,,,,,,,,,,,,,,,,,,,,,,,,,,,,,,,,,,,,,,,,,,,,,,,,,,,,,,,,,,,,,,,,,,,,,,,,,,,,,,,,,,,,,,,,,,,,,,,,,,,,,,,,,,,,,,,,,,,,,,,,,,,,,,,,,,,,,,,,,,,,,,,,,,,,,,,,,,,,,,,,,,,,,,,,,,,,,,,,,,,,,,,,,,,,,
